                                          POR        JAN     FEB     MAR     APR     MAY     JUN     JUL     AUG     SEP     OCT     NOV     DEC     ANN       
                                                    M   A   M   A   M   A   M   A   M   A   M   A   M   A   M   A   M   A   M   A   M   A   M   A   M   A 
13876BIRMINGHAM,AL                   194801-201812  81  60  80  56  80  52  83  50  85  53  85  56  87  58  88  57  87  56  86  52  83  55  82  60  84  55
03856HUNTSVILLE,AL                   195809-201812  81  64  81  60  80  55  82  51  85  54  87  55  89  59  90  57  89  56  87  52  84  57  82  63  85  57
13894MOBILE,AL                       194801-201812  83  60  84  58  85  54  88  53  88  54  88  57  90  61  91  60  90  59  87  53  85  56  85  61  87  57
13895MONTGOMERY,AL                   194801-201812  83  59  82  56  83  52  87  51  87  53  88  55  90  58  91  56  90  55  89  51  87  53  84  59  87  55
26451ANCHORAGE,AK                    195311-201812  75  74  75  69  70  57  68  54  64  50  69  57  75  63  79  65  81  65  79  67  78  74  78  77  74  64
25308ANNETTE,AK                      194807-201712  82  77  81  73  79  69  77  67  76  65  79  68  82  71  84  73  87  75  85  78  83  78  83  80  82  73
27502BARROW,AK                       194807-201812  73  73  72  72  72  72  79  77  88  84  89  85  89  84  92  86  91  87  86  85  80  80  74  74  82  80
26615BETHEL,AK                       194807-201812  79  78  78  75  81  75  84  72  81  62  82  61  88  69  92  74  92  71  89  77  84  82  80  79  84  73
26533BETTLES,AK                      194501-201812  72  70  71  66  69  59  66  57  63  49  62  47  72  55  81  61  81  63  81  73  76  74  73  73  72  62
26415BIG DELTA,AK                    194807-201812  68  67  70  63  67  53  59  44  53  38  61  45  69  52  73  53  75  56  79  69  74  72  71  71  68  57
25624COLD BAY,AK                     195507-201812  86  83  86  82  85  78  86  77  86  76  88  78  92  82  92  83  89  79  85  77  85  81  85  83  87  80
26411FAIRBANKS,AK                    194807-201812  73  73  72  67  70  53  62  45  54  37  62  44  71  51  79  56  80  56  81  68  77  75  74  75  72  58
26425GULKANA,AK                      194807-201812  75  74  75  69  71  53  65  46  59  40  62  43  71  50  76  52  79  54  82  67  79  78  77  77  73  59
25507HOMER,AK                        194807-201812  80  76  79  71  76  66  75  64  72  64  75  67  80  72  83  72  84  70  82  69  79  74  80  77  79  70
25309JUNEAU,AK                       194807-201812  84  80  85  76  82  67  80  63  78  61  80  65  84  72  87  74  91  79  90  80  87  82  86  84  84  74
25503KING SALMON,AK                  194901-201812  80  77  79  72  79  66  78  61  75  56  79  59  85  65  88  68  88  67  86  69  84  78  80  78  82  68
25501KODIAK,AK                       194511-201812  80  76  80  74  77  68  75  69  77  72  80  76  83  77  82  74  82  73  80  69  78  72  78  75  79  73
26616KOTZEBUE,AK                     194501-201812  74  74  75  74  75  72  79  76  83  79  83  78  83  77  85  77  83  73  83  77  78  78  76  76  80  76
26510MCGRATH,AK                      194807-201812  75  73  75  66  74  53  70  49  65  44  68  48  77  57  85  62  86  62  84  71  80  76  77  76  76  61
26617NOME,AK                         194501-201812  75  75  75  73  75  71  78  74  78  74  77  74  83  79  85  79  82  72  81  72  78  76  76  76  78  74
25713ST. PAUL ISLAND,AK              194510-201812  84  83  86  85  86  82  88  82  91  82  94  84  96  90  95  90  91  84  85  79  82  80  83  82  88  84
26528TALKEETNA,AK                    194807-201812  72  68  73  63  70  54  68  50  66  48  72  53  80  61  86  65  87  64  82  66  76  70  75  72  75  61
26442VALDEZ,AK                       196707-200507  74  72  76  70  74  64  74  61  76  62  80  65  85  72  87  72  88  73  80  70  76  71  76  74  79  69
25339YAKUTAT,AK                      194808-201712  86  83  86  77  84  69  82  69  79  70  82  73  86  78  89  78  91  78  90  77  87  81  87  86  86  77
03103FLAGSTAFF,AZ                    195001-201812  70  52  69  46  66  40  60  31  56  27  47  20  63  39  72  45  68  38  65  37  66  45  68  52  64  39
23183PHOENIX,AZ                      194801-201812  60  33  56  28  50  23  39  16  32  13  28  12  42  21  47  24  44  22  46  23  51  27  59  34  46  23
23160TUCSON,AZ                       194606-201812  56  31  53  26  47  21  37  15  30  12  29  13  52  29  58  32  51  27  46  24  49  27  56  34  47  24
23194WINSLOW,AZ                      194801-201812  68  46  61  33  51  24  43  19  37  16  31  13  49  26  56  30  52  26  52  27  58  33  66  46  52  28
13964FORT SMITH,AR                   194807-201812  81  61  80  58  79  53  82  51  88  57  88  57  89  54  89  53  89  54  87  52  83  55  82  61  85  56
13963LITTLE ROCK,AR                  194807-201812  80  61  80  58  79  56  82  55  87  58  87  56  87  56  88  55  87  55  86  53  83  57  81  61  84  57
23155BAKERSFIELD,CA                  194801-201812  80  60  75  50  69  41  62  33  54  26  47  22  45  21  48  23  51  27  58  34  71  49  78  60  62  37
23157BISHOP,CA                       194801-201812  51  35  50  29  40  20  34  17  34  17  30  13  31  15  30  14  31  15  36  20  44  27  50  35  38  21
23225BLUE CANYON,CA                  194801-201812  56  60  60  64  63  63  59  57  52  49  43  39  38  33  36  31  39  36  49  50  54  60  58  64  51  51
93193FRESNO,CA                       194908-201812  88  67  85  55  81  45  74  35  65  27  59  23  55  21  60  22  65  26  71  34  82  53  88  67  73  40
23129LONG BEACH,CA                   194901-201812  72  54  74  55  75  55  75  52  77  55  79  57  79  54  78  54  78  55  75  55  72  54  71  54  75  55
93134LOS ANGELES,CA                  199907-201812  52  49  54  52  57  53  56  52  63  57  65  60  65  59  63  57  60  56  57  56  51  51  52  51  58  54
24257REDDING,CA                      198609-201812  77  60  71  50  68  46  63  38  57  31  49  24  46  18  46  18  48  21  57  32  73  53  76  60  61  38
23232SACRAMENTO,CA                   194707-201812  87  69  84  59  81  52  77  44  75  37  71  32  71  29  72  30  71  31  74  39  82  57  86  69  78  45
23188SAN DIEGO,CA                    194801-201812  69  58  71  59  73  60  73  60  76  64  79  67  80  67  80  67  79  66  74  64  68  60  67  59  74  63
23272SAN FRANCISCO,CA                194501-194712  87  66  87  70  86  71  86  68  88  72  86  64  91  71  90  71  87  62  86  66  83  67  88  73  87  69
23190SANTA BARBARA,CA                194811-201812  72  58  73  59  74  60  75  61  78  62  83  65  84  66  83  66  80  65  76  64  71  59  73  61  77  62
23273SANTA MARIA,CA                  195410-201812  72  63  75  64  75  64  74  62  77  63  79  64  78  64  80  66  77  65  71  64  69  63  70  61  75  63
23237STOCKTON,CA                     194811-201812  86  70  83  59  78  50  71  41  65  34  62  29  60  27  62  29  63  31  68  38  80  58  85  70  72  45
23061ALAMOSA,CO                      194801-201812  74  58  72  49  65  35  63  29  63  28  65  25  74  37  76  39  72  34  68  36  70  47  72  58  69  40
93037COLORADO SPRINGS,CO             194807-201812  54  47  56  42  57  38  58  36  62  38  60  34  62  40  64  42  60  37  55  38  54  45  53  48  58  40
23062DENVER,CO                       199503-201812  53  54  53  50  49  39  51  41  55  43  49  37  46  35  47  37  47  37  49  44  48  50  53  55  50  43
23066GRAND JUNCTION,CO               194801-201812  75  64  69  50  58  35  52  27  47  24  38  18  43  21  48  24  48  26  54  34  65  48  74  62  56  36
93058PUEBLO,CO                       195407-201812  64  48  64  40  60  33  59  30  62  32  61  28  63  32  66  35  62  32  61  34  65  44  64  49  63  36
94702BRIDGEPORT,CT                   194706-201812  72  60  72  58  71  56  70  54  75  59  77  60  77  59  79  60  80  60  78  58  76  59  74  61  75  59
14740HARTFORD,CT                     194901-201812  73  57  73  54  71  50  69  45  73  48  76  52  78  51  82  53  85  54  83  53  79  55  77  59  76  53
13781WILMINGTON,DE                   194801-201812  75  59  74  56  73  52  72  50  76  54  77  54  78  54  82  56  84  56  84  55  80  56  77  59  78  55
93738WASHINGTON DULLES,DC            196211-201812  75  56  75  53  75  50  74  48  80  54  81  54  82  54  85  54  87  55  86  53  81  53  78  57  80  53
13743WASHINGTON NAT'L,DC             194107-201812  71  55  70  52  69  49  69  48  74  52  75  53  76  53  79  54  81  55  80  54  75  53  72  56  74  53
12834DAYTONA BEACH,FL                194801-201812  87  58  87  56  86  54  84  53  83  56  86  63  88  64  89  66  89  67  86  62  87  60  88  60  87  60
12835FORT MYERS,FL                   194801-201812  89  55  88  53  87  50  85  47  84  49  87  58  88  61  89  61  91  62  89  57  89  55  90  57  88  55
12816GAINESVILLE,FL                  198401-201812  88  56  88  53  88  50  87  48  86  48  88  58  90  61  92  63  92  62  90  57  91  57  90  58  89  56
13889JACKSONVILLE,FL                 194801-201812  87  57  87  54  87  50  86  48  85  51  87  58  89  59  91  61  92  63  91  59  90  57  89  59  88  56
12836KEY WEST,FL                     194801-201812  82  69  81  68  79  66  76  64  76  66  78  69  76  67  77  67  80  70  81  69  82  69  83  70  79  68
12839MIAMI,FL                        194801-201812  84  59  83  57  80  55  78  55  79  58  82  65  81  63  83  64  86  66  84  63  83  61  83  60  82  61
12815ORLANDO,FL                      195205-201812  87  55  87  53  87  50  85  47  85  49  88  58  90  59  91  61  91  61  88  57  89  56  88  57  88  55
13899PENSACOLA,FL                    194812-201812  82  61  83  59  83  58  86  57  86  58  86  60  88  64  90  64  87  61  84  55  84  57  83  62  85  60
93805TALLAHASSEE,FL                  194801-201812  86  56  86  53  87  49  87  47  87  48  89  55  91  61  92  61  91  58  89  52  88  53  87  57  88  54
12842TAMPA,FL                        194801-201812  86  58  86  56  84  54  83  51  82  52  84  60  85  63  88  64  89  62  87  57  86  56  86  59  86  58
12843VERO BEACH,FL                   194901-201812  88  59  88  57  83  55  81  55  80  59  83  65  85  66  87  66  88  67  84  63  86  61  88  61  85  61
12844WEST PALM BEACH,FL              194801-201812  84  59  84  57  81  55  78  55  79  59  83  65  83  64  84  64  86  66  83  62  83  60  83  60  82  61
13873ATHENS,GA                       195509-201812  80  56  79  53  80  51  81  49  85  53  85  55  88  57  90  58  90  58  89  53  85  53  82  57  85  54
13874ATLANTA,GA                      194501-201812  79  58  77  55  77  52  78  49  81  52  82  55  86  58  87  58  86  57  84  53  81  54  80  59  81  55
03820AUGUSTA,GA                      194901-201812  83  53  83  50  83  48  84  46  84  48  85  52  87  54  90  56  90  55  90  50  88  49  85  53  86  51
93842COLUMBUS,GA                     194801-201812  82  57  82  54  83  50  84  47  83  49  84  52  88  56  89  55  87  55  87  51  85  52  84  57  85  53
03813MACON,GA                        194812-201812  83  55  84  52  84  50  85  47  85  48  85  52  88  55  91  55  91  55  89  50  87  50  85  55  86  52
03822SAVANNAH,GA                     195010-201812  83  54  83  51  83  49  83  47  84  51  86  55  87  57  90  60  90  60  88  54  87  52  84  55  86  54
21504HILO,HI                         194910-201812  78  66  79  65  81  66  82  67  81  67  81  66  83  67  83  69  81  67  82  69  83  71  81  69  81  67
22521HONOLULU,HI                     194911-201812  79  61  77  59  76  58  73  56  70  54  69  53  70  53  71  52  73  54  74  57  76  59  78  61  74  56
22516KAHULUI,HI                      195812-201812  81  61  80  60  80  60  77  59  75  57  73  56  74  56  74  56  75  56  77  58  79  61  80  62  77  58
22536LIHUE,HI                        195002-201812  80  66  80  66  79  66  77  67  76  66  76  66  77  66  77  66  77  65  78  67  80  69  80  68  78  66
24131BOISE,ID                        194801-201812  79  70  76  58  69  43  65  36  63  33  60  28  49  20  47  22  53  28  62  38  73  59  79  70  64  42
24149LEWISTON,ID                     194801-201812  79  72  77  62  72  50  70  42  69  40  66  36  54  24  52  24  61  31  74  50  80  69  80  74  69  48
24156POCATELLO,ID                    194801-201812  79  73  78  65  73  51  66  39  66  36  64  31  56  23  55  22  59  28  66  40  75  61  80  74  68  45
94846CHICAGO,IL                      195811-201812  78  68  78  65  79  60  76  54  77  54  78  55  81  55  85  57  85  56  82  57  80  63  80  70  80  60
14923MOLINE,IL                       194802-201812  77  68  78  65  79  59  78  53  80  53  82  55  85  57  89  59  87  55  82  54  79  62  80  69  81  59
14842PEORIA,IL                       194801-201812  80  70  81  66  81  60  78  54  80  56  82  57  86  58  89  60  87  56  84  56  82  64  83  71  83  61
94822ROCKFORD,IL                     195103-201812  80  71  81  67  81  61  79  53  80  54  82  55  86  56  90  58  89  56  85  56  83  65  83  72  83  60
93822SPRINGFIELD,IL                  194801-201812  80  69  81  67  81  61  79  55  81  54  83  55  86  58  90  59  88  53  84  54  81  63  82  70  83  60
93817EVANSVILLE,IN                   194801-201812  79  67  79  64  79  59  79  54  83  55  83  55  86  57  88  56  89  54  85  53  81  60  81  68  83  58
14827FORT WAYNE,IN                   194801-201812  82  72  82  69  81  62  78  55  77  54  79  54  82  55  87  57  87  55  85  56  83  66  84  74  82  61
93819INDIANAPOLIS,IN                 194801-201812  81  70  81  66  79  59  77  55  79  56  80  56  83  58  86  58  86  55  85  55  83  63  83  71  82  60
14848SOUTH BEND,IN                   194801-201812  82  73  82  69  80  61  76  54  76  54  78  55  81  56  86  58  86  56  84  58  82  66  83  74  81  61
14933DES MOINES,IA                   194501-201812  78  68  79  66  79  60  77  54  79  55  81  57  84  58  86  59  85  57  80  55  79  62  80  70  81  60
94908DUBUQUE,IA                      195102-201812  80  71  80  68  80  63  78  56  80  57  83  60  87  61  89  62  88  60  83  58  82  65  83  73  83  63
14943SIOUX CITY,IA                   194801-201812  78  69  80  67  81  62  79  52  80  53  83  56  87  59  89  61  87  56  82  54  81  62  81  70  82  60
94910WATERLOO,IA                     194901-201812  79  71  81  69  83  63  82  55  82  55  85  56  88  59  91  60  90  57  84  57  83  65  83  73  84  62
13984CONCORDIA,KS                    194801-201812  78  63  79  61  79  55  80  54  84  57  85  54  83  52  85  55  84  54  80  52  80  59  80  64  81  57
13985DODGE CITY,KS                   194801-201812  76  57  77  55  76  50  76  46  82  50  80  47  78  45  80  47  79  47  76  46  76  50  76  56  78  50
23065GOODLAND,KS                     194801-201812  70  61  72  56  71  48  71  43  76  47  74  42  73  40  75  42  71  42  68  47  69  58  70  62  72  49
13996TOPEKA,KS                       194801-201812  78  63  78  60  79  55  80  53  85  57  86  58  86  58  87  57  88  55  83  53  80  57  80  63  82  58
03928WICHITA,KS                      195401-201812  79  61  79  59  77  54  79  53  84  57  84  53  80  50  81  51  82  53  80  53  79  57  80  62  80  55
03889JACKSON,KY                      198101-201812  77  63  75  59  72  53  70  48  81  57  84  61  88  64  89  62  87  59  82  55  75  55  78  64  80  58
93820LEXINGTON,KY                    194801-201812  81  68  80  63  77  57  75  54  79  56  81  57  83  58  85  57  85  55  83  55  80  60  82  67  81  59
93821LOUISVILLE,KY                   194801-201812  78  64  77  60  75  55  74  50  79  54  80  55  81  56  84  55  85  54  83  53  79  58  79  64  79  56
03816PADUCAH,KY                      194909-201812  80  66  80  62  79  57  80  53  85  56  86  56  88  58  90  56  90  53  86  52  81  57  82  65  84  58
13970BATON ROUGE,LA                  194807-201812  85  62  85  60  86  56  89  55  91  56  92  59  92  62  93  61  92  59  90  54  88  57  86  62  89  59
03937LAKE CHARLES,LA                 196111-201812  87  66  87  64  89  61  90  60  92  61  92  62  93  63  93  62  92  61  90  56  89  60  88  65  90  62
12916NEW ORLEANS,LA                  194807-201812  84  65  84  63  84  60  87  59  88  59  89  63  90  65  91  65  88  64  87  59  86  61  85  65  87  62
13957SHREVEPORT,LA                   194807-201812  83  62  83  60  83  56  87  56  90  58  90  58  90  56  90  54  89  55  88  54  87  58  85  62  87  58
14607CARIBOU,ME                      194801-201812  76  66  76  62  75  59  74  55  73  52  77  56  81  58  84  59  86  60  85  62  84  70  81  71  79  61
14764PORTLAND,ME                     194801-201812  75  59  74  57  73  57  71  54  74  58  77  61  79  60  82  59  84  61  83  59  81  61  78  61  78  59
93721BALTIMORE,MD                    194901-201812  73  56  72  53  71  50  71  48  76  53  77  52  78  52  82  55  84  55  83  54  78  54  75  57  77  53
14753BLUE HILL,MA                    199810-200902  75  60  71  52  72  53  69  49  74  55  80  61  81  59  82  59  84  62  82  59  78  59  75  60  77  57
14739BOSTON,MA                       194501-201812  69  58  68  56  68  56  67  55  70  58  72  58  72  56  76  58  78  59  76  57  74  58  70  58  72  57
94746WORCESTER,MA                    194901-201812  73  61  73  58  71  55  68  49  70  52  74  57  76  57  79  58  81  60  79  57  77  60  76  63  75  57
94849ALPENA,MI                       195909-201812  82  71  81  65  82  60  78  53  76  52  80  54  83  54  88  58  90  60  87  62  84  68  83  73  83  61
94847DETROIT,MI                      195812-201812  80  69  79  64  78  58  75  53  76  53  77  54  80  53  84  56  86  56  84  57  81  64  81  70  80  59
14826FLINT,MI                        194812-201812  81  72  80  67  80  61  77  54  76  53  78  55  82  54  87  57  88  57  85  59  82  66  82  72  82  61
94860GRAND RAPIDS,MI                 196312-201812  82  73  81  68  80  61  77  55  77  53  80  55  82  55  87  58  88  59  85  61  82  68  83  74  82  62
94814HOUGHTON LAKE,MI                196404-201812  84  73  83  67  83  60  79  53  76  50  80  54  84  54  89  58  91  61  88  64  86  71  85  76  84  62
14836LANSING,MI                      194801-201812  83  73  82  68  82  62  78  56  77  54  79  55  83  55  88  58  89  59  86  60  84  67  84  74  83  62
14840MUSKEGON,MI                     194801-201812  81  75  80  70  79  63  76  56  75  55  79  58  82  58  87  61  87  61  83  63  80  69  81  75  81  64
14847SAULT STE. MARIE,MI             194801-201812  80  73  80  69  80  64  78  58  77  54  83  60  87  61  90  63  91  65  88  67  85  74  83  76  84  65
14913DULUTH,MN                       194801-201812  78  70  78  66  79  63  77  56  77  54  82  60  86  60  89  62  88  64  84  63  82  70  81  74  82  63
14918INTERNATIONAL FALLS,MN          194801-201812  76  70  76  64  77  59  77  51  78  50  84  57  89  58  92  60  91  63  86  64  84  72  81  75  83  62
14922MINNEAPOLIS-ST.PAUL,MN          194501-201812  77  68  77  65  77  61  74  51  75  51  79  54  81  54  84  56  84  58  80  58  80  65  79  71  79  59
14925ROCHESTER,MN                    194801-201812  81  74  81  72  82  68  80  57  80  56  83  58  87  60  89  62  88  60  83  59  83  69  83  76  83  64
14926SAINT CLOUD,MN                  194801-201812  79  70  79  67  81  63  80  51  80  50  85  55  88  55  91  58  90  58  85  58  83  67  82  72  84  60
03940JACKSON,MS                      196307-201812  85  62  86  59  86  55  89  54  91  55  91  56  93  58  93  57  93  56  92  53  89  57  87  62  90  57
13865MERIDIAN,MS                     194807-201812  87  60  87  57  88  53  91  51  92  54  92  55  93  58  93  56  92  55  92  52  89  54  88  60  90  55
93862TUPELO,MS                       198307-201812  81  62  82  59  81  54  84  52  87  55  88  56  89  57  91  55  90  54  89  53  85  57  83  63  86  57
03945COLUMBIA,MO                     196911-201812  80  66  80  63  79  58  79  55  85  60  87  60  88  58  89  58  88  57  85  57  81  62  82  68  84  60
03947KANSAS CITY,MO                  197210-201812  78  64  78  62  78  57  77  56  83  59  85  60  85  59  86  59  86  58  81  56  79  61  79  65  81  60
13994ST. LOUIS,MO                    194501-201812  79  65  79  62  78  57  76  53  80  55  81  55  82  55  85  55  85  54  82  54  79  59  80  66  81  58
13995SPRINGFIELD,MO                  194801-201812  79  63  79  60  79  57  79  55  85  60  87  60  87  57  88  55  87  56  83  55  80  59  80  64  83  58
24033BILLINGS,MT                     194801-201812  64  58  64  53  66  48  65  43  66  43  66  40  58  31  56  30  60  37  61  45  63  54  63  57  63  45
94008GLASGOW,MT                      195510-201812  77  75  79  73  77  59  69  42  68  40  70  41  66  33  62  31  66  38  70  49  76  66  78  75  72  52
24143GREAT FALLS,MT                  194801-201812  65  61  66  56  66  50  65  42  66  41  67  41  60  30  58  29  62  37  61  46  62  56  64  61  63  46
94012HAVRE,MT                        196102-201812  74  70  75  66  73  54  68  41  67  39  68  39  63  30  60  30  66  37  68  48  72  64  73  70  69  49
24144HELENA,MT                       194801-201812  71  64  71  56  68  47  66  40  67  39  67  39  61  29  61  29  66  35  69  45  71  58  72  66  67  46
24146KALISPELL,MT                    194801-201812  81  77  80  68  76  55  72  44  73  43  77  45  74  35  72  34  75  42  80  56  81  73  83  80  77  54
24153MISSOULA,MT                     194801-201812  84  76  82  66  78  52  74  42  75  42  76  42  68  29  67  29  74  37  80  51  83  71  85  79  77  51
14935GRAND ISLAND,NE                 194801-201812  78  64  80  62  80  57  79  51  83  54  83  52  84  54  86  55  84  51  80  49  79  56  79  63  81  56
14939LINCOLN,NE                      194801-201812  79  65  80  64  80  58  79  52  83  55  83  54  84  54  87  56  85  53  81  52  80  57  80  64  82  57
14941NORFOLK,NE                      194801-201812  77  64  79  64  81  59  79  50  81  51  83  53  85  54  87  56  84  52  80  50  79  58  79  66  81  56
24023NORTH PLATTE,NE                 194801-201812  80  61  81  59  82  53  81  48  85  52  85  52  85  51  87  52  84  48  83  47  82  53  81  59  83  53
14942OMAHA,NE                        194801-201812  79  66  80  64  79  58  77  52  81  54  83  56  85  57  87  59  86  56  81  54  80  60  80  67  81  59
24028SCOTTSBLUFF,NE                  194801-201812  70  59  71  52  70  45  70  42  74  44  73  41  73  38  74  40  72  40  70  44  70  54  71  60  72  47
24032VALENTINE,NE                    197609-201812  76  61  78  59  79  53  78  48  80  47  81  48  81  45  83  46  79  44  78  46  77  52  76  59  79  51
24121ELKO,NV                         194801-201812  77  62  75  54  71  42  66  34  64  30  58  24  48  18  47  18  52  21  61  29  71  49  76  63  64  37
23154ELY,NV                          195301-201812  71  57  71  51  66  41  62  34  60  30  50  22  46  21  49  22  52  23  58  32  65  46  69  56  60  36
23169LAS VEGAS,NV                    194812-201812  52  32  48  27  40  21  32  16  28  13  21  10  27  15  31  17  30  16  34  19  43  26  50  32  36  20
23185RENO,NV                         194901-201812  75  51  71  41  64  33  60  28  59  26  56  21  54  18  55  18  59  21  64  27  70  40  74  51  63  31
24128WINNEMUCCA,NV                   194909-201812  76  59  73  48  67  37  62  30  58  27  52  21  40  15  40  16  47  20  58  29  70  47  76  60  60  34
14745CONCORD,NH                      194801-201812  76  58  76  54  75  52  73  45  74  47  78  51  81  51  85  52  88  54  86  53  83  58  80  61  80  53
14755MT. WASHINGTON,NH               201501   -    0  0    0  0    0  0    0  0    0  0    0  0    0  0    0  0    0  0    0  0    0  0    0  0    0  0
93730ATLANTIC CITY,NJ                195806-201812  77  58  77  55  75  53  74  51  77  55  79  56  81  57  84  58  86  58  86  56  82  56  79  59  80  56
14734NEWARK,NJ                       194801-201812  72  57  70  53  68  50  65  47  69  51  70  51  71  51  75  52  77  54  77  52  75  54  73  57  72  53
23050ALBUQUERQUE,NM                  194807-201812  62  40  58  32  49  24  43  19  42  19  40  17  54  28  59  30  55  29  55  30  57  34  63  43  53  29
23051CLAYTON,NM                      194807-201812  58  47  59  42  57  36  57  33  62  35  62  34  67  40  68  43  65  42  58  43  57  47  57  52  61  41
23009ROSWELL,NM                      194901-201812  62  40  58  33  50  25  46  22  51  23  55  24  61  31  64  34  65  38  62  37  60  39  62  43  58  32
14735ALBANY,NY                       194501-201812  77  63  76  59  75  54  71  48  73  51  76  54  79  54  84  56  87  57  85  57  81  61  79  65  79  57
04725BINGHAMTON,NY                   194801-201812  80  70  79  65  78  61  75  55  78  55  82  59  84  58  88  59  89  63  85  61  82  67  82  72  82  62
14733BUFFALO,NY                      194601-201812  79  72  79  69  79  64  75  57  74  55  77  57  78  55  82  57  83  59  81  60  79  67  80  71  79  62
04781ISLIP,NY                        197401-201812  74  59  73  56  72  55  70  52  73  57  76  59  76  59  79  60  82  61  81  58  78  58  75  59  76  58
94728NEW YORK Central Park,NY        196501-201812  67  56  65  53  65  50  64  47  71  53  73  56  73  54  75  55  77  57  75  55  71  56  68  58  70  54
94789NEW YORK JFK AP,NY              194807-201812  71  59  70  57  69  55  69  54  72  58  74  60  74  58  76  59  78  59  77  57  75  58  72  59  73  58
14732NEW YORK Laguardia AP,NY        194807-201812  67  57  66  54  66  52  66  50  70  52  71  53  71  52  74  54  75  56  73  55  70  56  68  58  70  54
14768ROCHESTER,NY                    194801-201812  79  69  80  67  79  62  76  55  76  53  78  55  81  54  85  56  87  59  85  60  81  66  81  71  80  61
14771SYRACUSE,NY                     194501-201812  78  68  78  65  78  60  74  53  75  53  77  55  78  55  83  56  85  59  84  59  80  65  79  70  79  60
03812ASHEVILLE,NC                    194801-201812  83  57  82  54  82  51  82  48  88  54  90  57  92  60  94  60  94  59  91  54  86  53  84  57  87  55
93729CAPE HATTERAS,NC                195703-201812  79  67  79  65  78  63  77  61  80  66  81  68  84  70  84  69  82  68  80  65  81  65  80  67  81  66
13881CHARLOTTE,NC                    194801-201812  78  54  76  51  76  49  76  46  80  51  81  53  84  55  87  56  87  56  86  52  83  51  79  54  81  52
13723GREENSBORO-WNSTN-SALM-HGHPT,NC  194807-201812  78  54  76  51  76  49  75  46  80  53  82  54  85  57  88  58  88  58  86  53  81  51  79  54  81  53
13722RALEIGH,NC                      194807-201812  79  53  78  51  78  48  78  46  83  53  84  54  86  56  89  58  90  57  89  53  84  51  81  54  83  53
13748WILMINGTON,NC                   194801-201812  81  56  81  53  81  52  79  49  82  55  83  59  85  62  88  64  89  62  88  56  85  54  83  56  84  56
24011BISMARCK,ND                     194801-201812  77  71  79  69  82  64  80  50  80  49  84  53  85  49  85  48  83  50  80  53  81  65  80  71  81  58
14914FARGO,ND                        194801-201812  76  72  78  72  82  69  79  55  76  50  82  56  86  55  87  55  85  56  80  59  81  69  79  74  81  62
14916GRAND FORKS,ND                  194812-201812  77  74  80  74  83  71  82  57  80  51  84  56  88  56  90  55  88  56  83  59  83  71  81  76  83  63
94014WILLISTON,ND                    196201-201812  80  74  82  72  83  64  80  50  79  48  82  50  82  46  80  45  81  49  80  55  82  68  81  74  81  58
14895AKRON,OH                        194807-201812  81  70  80  67  79  61  76  54  77  55  80  56  82  56  86  57  87  58  84  58  81  64  81  71  81  60
93814CINCINNATI,OH                   194801-201812  80  68  79  64  77  58  75  53  79  55  81  56  84  57  86  56  87  55  84  55  80  61  81  68  81  59
14820CLEVELAND,OH                    194801-201812  79  70  79  67  78  62  75  56  76  56  77  57  80  56  83  58  83  58  80  59  78  64  79  70  79  61
14821COLUMBUS,OH                     194801-201812  78  68  78  64  76  57  75  52  78  53  79  54  82  55  85  55  86  55  83  55  80  61  80  68  80  58
93815DAYTON,OH                       194801-201812  80  70  80  66  79  60  76  54  77  55  79  55  82  55  85  55  86  54  83  55  81  63  82  71  81  60
14891MANSFIELD,OH                    194812-201812  83  73  82  70  81  64  77  57  78  56  80  58  82  57  86  59  87  59  84  58  82  66  84  74  82  63
94830TOLEDO,OH                       195502-201812  81  70  81  66  80  59  78  53  78  52  80  53  83  54  89  57  89  56  85  56  83  65  83  72  83  59
14852YOUNGSTOWN,OH                   194801-201812  81  71  80  67  79  62  76  55  78  54  81  56  84  56  87  57  88  59  85  59  81  65  82  72  82  61
13967OKLAHOMA CITY,OK                194501-201812  78  59  78  57  76  53  78  52  84  58  85  57  82  51  82  50  83  54  80  53  79  54  78  58  80  55
13968TULSA,OK                        194807-201812  78  60  77  57  76  53  78  52  85  58  85  58  82  54  83  53  85  55  82  53  79  55  78  59  81  56
94224ASTORIA,OR                      194904-201812  86  79  85  74  86  72  86  70  87  70  87  71  87  70  88  71  87  71  88  74  86  79  86  81  86  73
94185BURNS,OR                        198002-201812  83  77  79  67  71  50  64  39  61  36  58  30  47  20  44  19  50  24  62  40  75  64  82  78  65  45
24221EUGENE,OR                       194801-201812  90  82  89  73  88  65  86  59  85  56  83  50  79  38  80  39  82  44  88  62  91  80  91  85  86  61
24225MEDFORD,OR                      194801-201812  90  71  86  57  83  50  79  43  77  39  73  33  67  25  67  26  72  29  82  44  89  67  91  76  80  47
24155PENDLETON,OR                    193801-201812  81  76  78  66  71  51  68  43  66  38  62  33  50  23  50  25  58  31  69  48  78  70  81  78  68  48
24229PORTLAND,OR                     194801-201812  84  76  84  66  83  60  82  55  80  53  79  50  77  44  78  44  82  48  86  62  86  74  85  78  82  59
24232SALEM,OR                        194801-201812  87  77  87  69  85  62  84  56  83  53  82  49  80  39  80  39  82  44  87  61  88  77  88  81  84  59
24235SEXTON SUMMIT,OR                194801-201812  76  74  78  73  82  73  80  66  74  56  71  50  64  41  63  42  61  46  69  63  77  75  78  78  73  61
14737ALLENTOWN,PA                    194801-201812  76  61  75  57  74  52  72  49  76  52  78  54  80  53  84  55  87  56  86  55  81  58  78  62  79  55
14860ERIE,PA                         194801-201812  78  72  78  71  77  67  74  61  74  61  76  63  77  63  80  63  80  63  77  63  75  66  77  71  77  65
14711MIDDLETOWN/HARRISBURG,PA        194901-201812  74  60  74  57  72  54  71  50  74  53  75  53  76  53  81  55  83  57  83  56  79  58  76  62  77  56
13739PHILADELPHIA,PA                 194101-201812  73  58  72  54  71  51  70  48  74  52  75  52  77  52  80  54  82  54  81  54  77  55  74  58  76  54
94823PITTSBURGH,PA                   195209-201812  77  66  76  62  76  56  72  50  76  52  79  53  82  54  85  55  86  56  83  55  78  60  78  66  79  57
14777AVOCA,PA                        194901-201812  76  65  75  61  73  56  71  50  75  52  80  55  81  54  84  57  86  59  84  57  79  62  78  66  78  58
14778WILLIAMSPORT,PA                 194807-201812  76  61  76  57  75  52  74  48  79  51  82  54  85  54  88  56  90  58  87  57  81  60  78  63  81  56
14765PROVIDENCE,RI                   194801-201812  71  57  71  54  70  52  69  49  72  54  75  56  76  56  79  56  82  57  80  55  77  56  74  58  75  55
13782CHARLESTON,SC                   201501   -    0  0    0  0    0  0    0  0    0  0    0  0    0  0    0  0    0  0    0  0    0  0    0  0    0  0
13883COLUMBIA,SC                     194801-201812  82  52  82  49  82  47  81  43  82  47  83  50  86  52  89  54  89  54  89  50  87  49  84  52  84  50
03870GREENVILLE-SPARTANBURG,SC       196210-201812  76  53  75  50  75  49  76  47  81  52  82  53  85  55  87  57  87  57  85  52  81  51  78  55  81  53
14929ABERDEEN,SD                     194801-201812  78  72  80  71  83  67  82  53  81  51  85  56  87  54  89  54  86  53  82  55  82  66  81  73  83  61
14936HURON,SD                        194001-201812  79  70  81  70  84  65  83  54  84  54  86  57  87  53  89  54  86  53  82  54  82  64  81  71  84  60
24090RAPID CITY,SD                   195011-201812  67  64  69  62  70  55  69  48  71  49  72  50  68  42  66  39  63  41  63  49  65  60  67  65  68  52
14944SIOUX FALLS,SD                  194801-201812  77  69  80  67  81  64  80  53  81  53  83  56  85  55  87  57  85  55  81  55  81  62  80  70  82  60
13877BRISTOL-JHNSN CTY-KNGSPRT,TN    194801-201812  82  62  81  58  80  52  80  49  86  53  87  56  90  59  92  58  91  55  90  52  85  55  83  62  86  56
13882CHATTANOOGA,TN                  194801-201812  81  60  81  56  81  52  82  48  86  53  87  55  88  56  89  56  90  56  89  53  85  56  83  60  85  55
13891KNOXVILLE,TN                    194801-201812  81  63  80  59  79  54  80  51  84  55  85  57  87  59  90  58  90  57  89  54  85  57  83  63  84  57
13893MEMPHIS,TN                      194801-201812  77  62  77  58  75  55  78  53  81  56  82  56  84  57  84  56  85  55  82  52  79  56  78  61  80  56
13897NASHVILLE,TN                    194801-201812  80  64  80  59  79  54  80  51  85  55  86  55  87  56  89  55  89  55  86  53  82  57  81  63  84  56
03841OAK RIDGE,TN                    201501   -    0  0    0  0    0  0    0  0    0  0    0  0    0  0    0  0    0  0    0  0    0  0    0  0    0  0
13962ABILENE,TX                      194807-201812  72  52  73  52  70  47  73  46  80  51  80  50  74  46  74  45  78  50  76  50  74  50  72  51  75  49
23047AMARILLO,TX                     194807-201812  70  49  72  49  69  41  69  38  76  43  77  44  75  42  78  45  78  46  74  44  71  44  71  48  73  44
13958AUSTIN,TX                       194807-201812  79  59  80  59  80  56  83  56  87  59  89  55  88  50  86  49  85  53  84  54  82  57  79  58  83  55
12919BROWNSVILLE,TX                  194807-201812  88  65  89  63  88  60  89  59  90  60  91  59  92  55  92  55  92  61  90  59  88  60  87  64  90  60
12924CORPUS CHRISTI,TX               194807-201812  86  66  87  64  87  61  89  62  92  64  93  62  93  57  92  56  91  61  89  59  86  60  85  63  89  61
13960DALLAS,TX                       194807-201812  76  58  77  57  75  53  79  55  82  56  81  53  77  49  75  48  80  52  80  52  78  54  76  57  78  54
22010DEL RIO,TX                      195105-201812  76  55  74  52  73  49  76  51  81  55  81  54  78  50  77  50  82  54  81  56  79  56  77  54  78  53
23044EL PASO,TX                      194807-201812  58  34  50  27  41  20  35  16  35  16  39  18  56  29  59  31  58  31  55  30  54  31  58  37  50  27
12923GALVESTON,TX                    194807-196309  85  74  86  75  83  71  85  72  83  70  82  69  82  68  82  67  82  67  80  64  81  66  83  71  83  69
12960HOUSTON,TX                      196906-201812  85  62  86  61  87  59  89  57  91  58  92  59  93  57  93  56  92  58  90  56  89  59  87  62  89  59
23042LUBBOCK,TX                      194807-201812  72  48  72  47  68  40  68  37  75  42  77  44  74  46  77  48  80  51  78  46  74  45  72  47  74  45
23023MIDLAND-ODESSA,TX               194807-201812  71  46  71  44  66  36  66  34  73  37  75  41  72  42  73  42  78  48  77  45  74  43  72  45  72  42
12917PORT ARTHUR,TX                  194807-201812  87  67  88  64  88  62  90  62  91  62  92  63  94  64  94  63  92  62  91  58  89  61  88  66  90  63
23034SAN ANGELO,TX                   194807-201812  75  51  75  50  72  44  74  43  80  48  80  48  77  43  77  44  82  51  81  51  78  49  76  50  77  48
12921SAN ANTONIO,TX                  194807-201812  79  57  80  57  80  55  83  56  87  59  87  56  87  52  86  50  85  54  84  54  81  55  79  56  83  55
12912VICTORIA,TX                     195302-201812  87  64  87  62  88  59  89  59  92  60  93  59  93  56  93  55  92  59  91  56  88  59  87  62  90  59
13959WACO,TX                         194807-201812  82  62  83  61  82  57  84  57  88  59  87  54  83  48  82  47  85  52  84  54  83  57  82  60  84  56
13966WICHITA FALLS,TX                194807-201812  77  54  78  54  77  49  78  48  84  53  83  50  77  45  77  44  82  50  81  50  79  51  78  54  79  50
24127SALT LAKE CITY,UT               194801-201812  78  70  74  60  66  46  62  39  60  33  53  25  47  21  48  23  55  29  63  42  71  60  77  72  63  43
14742BURLINGTON,VT                   194801-201812  74  64  73  61  74  57  72  51  71  51  75  54  77  53  81  55  83  59  81  60  77  64  77  67  76  58
13733LYNCHBURG,VA                    194801-201812  74  53  73  50  72  48  72  45  80  53  81  54  84  56  87  57  87  57  85  52  79  51  76  54  79  52
13737NORFOLK,VA                      194801-201812  74  58  74  56  73  54  73  51  76  57  78  57  80  59  83  61  82  61  81  59  79  57  76  59  78  57
13740RICHMOND,VA                     194801-201812  78  55  78  51  76  48  75  46  79  52  80  53  83  55  87  57  88  56  88  53  83  51  80  55  81  53
13741ROANOKE,VA                      194801-201812  70  52  69  50  69  47  70  45  77  51  79  53  81  53  85  55  86  55  82  51  75  50  72  53  76  51
93739WALLOPS ISLAND,VA               196610-201812  77  62  76  60  75  60  75  59  78  64  80  65  82  66  84  66  84  65  83  61  80  60  78  62  79  62
24227OLYMPIA,WA                      194801-201812  91  81  90  71  88  63  86  57  85  53  86  53  85  48  86  49  88  54  91  69  91  81  91  85  88  64
94240QUILLAYUTE,WA                   196608-201812  90  84  88  76  89  74  88  69  88  68  89  69  89  67  89  68  89  69  90  77  91  84  90  86  89  74
24233SEATTLE,WA                      194801-201812  83  76  81  69  82  64  82  58  81  54  80  53  79  48  81  50  84  56  86  69  84  76  83  79  82  63
24157SPOKANE,WA                      194801-201812  86  80  84  70  79  55  73  43  71  40  69  37  59  26  57  27  65  34  77  51  86  76  87  83  74  52
24160WALLA WALLA,WA                  194801-200106  81  77  79  67  74  52  71  43  72  42  68  35  56  25  57  28  61  33  73  50  80  72  82  79  71  50
24243YAKIMA,WA                       194801-201812  83  72  79  57  72  42  66  34  64  31  63  30  61  25  63  27  69  32  75  44  81  63  84  76  72  44
03872BECKLEY,WV                      196305-201812  79  66  78  63  77  57  73  51  80  55  84  60  88  62  89  62  89  62  85  57  79  59  79  65  82  60
13866CHARLESTON,WV                   194902-201812  78  62  77  59  76  53  75  47  83  52  86  55  89  58  92  58  92  56  88  54  81  55  79  62  83  56
13729ELKINS,WV                       194801-201812  80  64  81  61  82  55  81  50  86  54  90  58  92  60  94  60  94  59  90  54  84  58  82  65  86  58
03860HUNTINGTON,WV                   196112-201812  78  64  77  60  76  54  75  48  84  54  86  57  89  59  91  59  91  58  87  54  80  57  79  64  83  57
14898GREEN BAY,WI                    194909-201812  78  70  79  68  81  65  79  57  79  55  82  58  86  58  90  61  90  61  86  61  82  67  81  72  83  63
14920LA CROSSE,WI                    194801-201812  78  68  79  65  80  60  78  52  79  52  83  55  87  57  90  59  89  60  83  58  81  65  81  71  82  60
14837MADISON,WI                      194801-201812  79  69  80  66  81  61  80  53  80  54  82  56  85  56  89  59  90  58  85  58  83  65  82  71  83  60
14839MILWAUKEE,WI                    194801-201812  76  68  77  66  78  63  77  59  77  60  79  60  81  60  85  62  84  61  81  60  79  65  79  70  79  63
24089CASPER,WY                       195003-201812  65  61  67  58  67  48  69  43  71  40  66  32  61  26  58  25  60  31  62  43  64  56  65  62  65  44
24018CHEYENNE,WY                     194801-201812  55  51  59  50  61  46  64  44  68  46  65  41  63  38  63  39  60  39  58  43  57  51  56  53  61  45
24021LANDER,WY                       194801-201812  67  60  66  55  62  45  61  40  62  38  56  31  49  27  49  26  54  32  60  42  65  56  67  62  60  43
24029SHERIDAN,WY                     194801-201812  69  66  71  62  70  53  70  47  72  48  73  46  65  34  62  32  65  40  67  50  70  64  70  67  69  51
41415GUAM,PC                         196801-201812  81  73  78  71  77  69  79  70  80  72  80  73  85  77  87  79  87  80  87  79  83  77  80  76  82  75
40309KOROR,PC                        195107-201807  79  76  79  74  77  73  77  74  78  77  80  78  80  78  79  77  78  76  78  76  78  77  79  77  79  76
40604KWAJALEIN- MARSHALL IS.,PC      195204-200912  80  72  80  71  80  71  82  74  84  76  84  77  85  77  84  77  84  76  84  76  84  77  81  75  83  75
40710MAJURO- MARSHALL IS,PC          195502-201812  79  76  79  75  80  76  82  78  82  78  83  79  83  78  82  77  82  77  81  77  82  78  81  77  81  77
61705PAGO PAGO- AMER SAMOA,PC        196604-201812  87  76  88  76  88  75  88  77  87  77  85  77  84  75  84  75  84  75  84  77  85  77  85  76  86  76
40504POHNPEI- CAROLINE IS.,PC        195107-201812  82  78  81  78  83  79  85  81  87  82  88  81  89  81  90  80  90  81  89  81  89  82  85  81  87  80
40505CHUUK- E. CAROLINE IS.,PC       195107-201812  80  77  80  76  81  76  82  78  84  80  85  79  85  79  86  79  85  78  85  78  84  79  82  79  83  78
40308YAP- W CAROLINE IS.,PC          195107-201812  83  77  82  76  82  76  84  76  85  78  86  79  87  79  85  79  86  79  86  79  86  80  85  80  85  78
11641SAN JUAN,PR                     195505-201812  81  65  79  63  76  61  75  63  77  67  77  66  78  67  79  68  79  68  79  68  80  68  81  67  78  66