                                         POR        JAN   FEB   MAR   APR   MAY   JUN   JUL   AUG   SEP   OCT   NOV   DEC   ANN
13876BIRMINGHAM,AL                   196501-197812    46    53    57    65    65    67    59    62    59    66    55    49    58
13895MONTGOMERY,AL                   196501-198312    47    55    58    64    63    64    61    61    59    63    55    49    58
26451ANCHORAGE,AK                    196501-198312    43    46    51    50    51    46    43    43    41    36    35    33    43
25309JUNEAU,AK                       196501-197912    39    35    38    42    44    37    33    35    27    21    26    21    33
26617NOME,AK                         196502-198312    38    56    54    52    52    43    39    34    38    35    30    36    42
03103FLAGSTAFF,AZ                    197204-198912    71    73    72    82    83    88    74    75    79    77    72    76    76
23183PHOENIX,AZ                      196501-198312    79    81    83    90    93    95    86    87    89    88    79    79    85
23160TUCSON,AZ                       196501-198312    80    82    86    92    94    93    80    84    87    88    83    79    85
13964FORT SMITH,AR                   196501-198312    52    56    58    60    63    70    75    70    63    63    51    51    61
13963LITTLE ROCK,AR                  196501-197712    52    63    63    69    78    82    81    79    73    72    56    52    68
93193FRESNO,CA                       196501-198312    44    60    74    83    91    93    96    95    93    86    59    44    76
93134LOS ANGELES,CA                  196501-197712    69    70    70    78    63    63    82    85    74    74    70    71    72
23232SACRAMENTO,CA                   196501-198312    45    62    73    82    92    94    97    96    93    84    61    47    77
23188SAN DIEGO,CA                    196501-198312    74    73    71    72    56    57    70    72    65    70    73    75    69
23272SAN FRANCISCO,CA                196501-197412    58    66    71    77    75    69    70    69    73    71    55    55    67
23062DENVER,CO                       196501-198312    71    73    71    71    64    71    71    72    74    71    64    65    69
23066GRAND JUNCTION,CO               196501-198312    59    64    63    69    72    80    78    78    79    71    60    57    69
93058PUEBLO,CO                       196501-198312    75    77    78    82    79    83    81    81    82    79    73    71    78
14740HARTFORD,CT                     196501-198312    59    61    56    59    58    61    66    63    59    57    47    50    58
13743WASHINGTON NAT'L,DC             196501-198312    47    53    54    60    61    64    64    66    62    57    49    45    56
13889JACKSONVILLE,FL                 196502-198312    58    61    69    74    71    66    65    63    62    60    63    59    64
12836KEY WEST,FL                     196501-198312    74    76    84    85    82    77    79    78    74    72    71    73    77
12839MIAMI,FL                        197703-201712    68    68    74    79    73    70    77    72    69    72    63    66    70
13899PENSACOLA,FL                    196501-196912    53    56    65    67    64    66    59    56    58    71    63    47    60
12842TAMPA,FL                        196501-201012    66    68    75    80    77    70    67    65    65    67    66    62    69
13874ATLANTA,GA                      196501-198312    50    56    59    66    65    66    62    62    60    67    61    53    60
03813MACON,GA                        196501-198312    53    59    66    71    69    68    65    67    62    67    61    56    63
03822SAVANNAH,GA                     196501-198312    54    58    62    70    64    62    59    57    56    62    61    53    59
21504HILO,HI                         196501-200612    47    45    39    36    40    45    41    44    47    38    35    37    41
22521HONOLULU,HI                     196501-198312    59    62    68    63    66    67    71    73    75    67    60    56    65
22516KAHULUI,HI                      196501-198312    65    65    65    63    70    74    72    72    76    70    66    65    68
22536LIHUE,HI                        196501-201012    52    54    55    57    62    62    61    65    63    56    47    46    56
24131BOISE,ID                        196501-198312    32    49    66    68    74    76    85    82    80    69    41    34    63
24156POCATELLO,ID                    196501-198312    38    55    63    64    68    74    82    80    78    68    43    36    62
94846CHICAGO,IL                      198007-198312    41    42    53    53    58    66    68    61    61    56    35    35    52
14923MOLINE,IL                       196501-198312    48    53    49    51    54    62    65    63    60    56    40    38    53
14842PEORIA,IL                       196501-198312    47    53    52    53    57    66    67    63    61    58    41    38    54
93822SPRINGFIELD,IL                  196501-198312    50    53    51    54    61    68    71    67    66    61    45    40    57
93817EVANSVILLE,IN                   196501-198312    46    50    56    57    63    72    72    71    65    63    46    42    58
14827FORT WAYNE,IN                   196501-198312    50    55    57    63    69    74    76    75    67    60    40    36    60
93819INDIANAPOLIS,IN                 196501-201512    42    49    48    51    58    63    65    64    61    54    36    32    51
14933DES MOINES,IA                   196501-200912    50    54    55    55    61    69    74    70    66    59    45    43    58
14943SIOUX CITY,IA                   196501-198312    57    57    59    59    62    70    73    70    65    60    48    48    60
13984CONCORDIA,KS                    196501-198312    62    63    63    66    70    78    80    78    72    69    59    58    68
13985DODGE CITY,KS                   196501-200912    65    67    64    66    68    77    80    76    72    71    63    63    69
13996TOPEKA,KS                       196501-198312    55    56    56    56    60    64    72    68    62    60    50    50    59
03928WICHITA,KS                      196501-201412    59    63    61    64    66    70    76    74    66    66    57    56    64
93821LOUISVILLE,KY                   196501-201612    46    51    50    55    59    64    66    65    62    60    44    41    55
03816PADUCAH,KY                      200606-200912    58    52    60    65    60    73    77    81    72    71    58    52    64
03937LAKE CHARLES,LA                 198005-198312    46    48    65    65    77    80    81    83    83    77    55    49    67
12916NEW ORLEANS,LA                  197308-198312    48    52    56    62    59    67    61    59    61    70    57    54    58
13957SHREVEPORT,LA                   196501-198312    45    54    53    54    58    68    70    69    64    64    57    51    58
14764PORTLAND,ME                     196501-198312    57    58    53    55    53    55    62    63    60    58    47    49    55
93721BALTIMORE,MD                    196501-198312    50    58    55    57    55    60    63    61    57    56    50    47    55
14739BOSTON,MA                       196501-198312    56    56    56    59    60    64    68    66    64    60    48    49    58
94849ALPENA,MI                       196501-198312    36    43    51    55    59    62    66    60    52    41    28    25    48
94847DETROIT,MI                      196605-198312    39    47    50    55    60    65    69    68    61    50    35    31    52
94860GRAND RAPIDS,MI                 196501-202012    27    37    46    51    55    61    66    62    57    43    29    21    46
14836LANSING,MI                      196501-198312    40    47    49    53    60    64    69    66    58    47    29    29    50
14847SAULT STE. MARIE,MI             196501-198312    38    49    56    57    62    59    64    59    47    35    25    28    48
14913DULUTH,MN                       196501-198312    48    51    51    55    56    55    64    60    52    42    33    36    50
14922MINNEAPOLIS-ST.PAUL,MN          196501-198312    53    59    57    56    62    67    74    69    62    51    37    38    57
03940JACKSON,MS                      196501-198312    47    55    59    62    62    70    65    64    60    67    55    49    59
93862TUPELO,MS                       198307-198312                                        66    59    61    67    57    45      
03945COLUMBIA,MO                     196911-198312    51    50    51    55    59    67    70    66    62    60    49    44    57
03947KANSAS CITY,MO                  197211-198312    58    56    62    66    65    70    74    67    66    62    48    52    62
13994ST. LOUIS,MO                    196501-198312    51    55    55    58    60    66    71    63    64    60    45    41    57
13995SPRINGFIELD,MO                  196501-198312    51    51    56    59    61    65    72    69    64    62    48    47    58
24033BILLINGS,MT                     196501-201512    42    54    65    62    60    62    74    74    68    57    44    38    58
24143GREAT FALLS,MT                  196501-198312    42    49    64    59    62    65    79    76    69    57    44    37    58
94012HAVRE,MT                        196501-198312    48    60    71    72    75    78    86    83    76    63    48    44    67
24144HELENA,MT                       196501-198312    40    51    61    59    59    62    77    73    68    58    42    35    57
24153MISSOULA,MT                     196501-198312    30    43    55    56    58    60    80    78    69    57    37    30    54
14939LINCOLN,NE                      197209-198312    55    52    54    56    61    73    73    70    68    62    50    51    60
24023NORTH PLATTE,NE                 196501-200912    60    62    65    66    68    72    76    75    73    70    60    60    67
14942OMAHA,NE                        196501-197712    56    57    59    59    65    72    74    74    64    63    49    47    61
24032VALENTINE,NE                    196502-198312    60    61    59    61    64    70    76    76    72    65    58    57    64
23154ELY,NV                          196501-198312    69    69    69    72    75    81    80    79    82    75    65    64    73
23169LAS VEGAS,NV                    196501-198312    76    79    83    88    88    92    88    89    91    88    79    77    84
23185RENO,NV                         196501-198312    65    66    79    84    87    89    95    93    95    88    72    65    81
24128WINNEMUCCA,NV                   196501-198312    49    55    60    62    73    76    85    81    81    73    48    46    65
14745CONCORD,NH                      196501-198312    56    59    53    58    58    59    66    62    57    54    43    45    55
14755MT. WASHINGTON,NH               196501-202012    31    32    33    37    36    31    31    31    37    35    30    28    32
93730ATLANTIC CITY,NJ                196501-201912    46    52    52    54    53    56    58    63    59    54    46    43    53
23050ALBUQUERQUE,NM                  196501-198312    73    73    73    78    80    82    76    76    77    80    75    73    76
23009ROSWELL,NM                      197301-198212    61    69    77    78    81    84    79    71    71    75    70    70    73
14735ALBANY,NY                       196501-200712    46    52    51    55    53    55    62    58    54    46    33    36    50
04725BINGHAMTON,NY                   196501-198312    39    42    44    51    55    59    64    61    53    45    29    28    47
14733BUFFALO,NY                      196501-201412    31    36    45    54    59    62    66    63    56    44    29    23    47
94728NEW YORK Central Park,NY        196501-198112    53    54    54    59    57    56    60    64    59    59    48    44    55
14768ROCHESTER,NY                    196501-198312    36    40    47    54    58    63    67    63    56    44    25    24    48
14771SYRACUSE,NY                     196501-200912    34    39    46    53    53    54    60    57    51    40    25    23    44
03812ASHEVILLE,NC                    196501-198312    55    61    61    66    61    64    59    55    55    61    59    56    59
93729CAPE HATTERAS,NC                196501-198312    47    54    59    67    60    60    61    62    61    57    54    46    57
13881CHARLOTTE,NC                    196501-198312    56    62    64    70    69    69    67    69    65    65    61    57    64
13723GREENSBORO-WNSTN-SALM-HGHPT,NC  196501-198312    54    59    62    64    60    61    61    61    59    61    59    56    59
13722RALEIGH,NC                      196501-198312    51    60    62    64    59    61    60    61    59    60    58    53    59
13748WILMINGTON,NC                   196501-198312    56    61    64    71    64    63    63    61    61    63    64    57    62
24011BISMARCK,ND                     196501-198312    54    52    61    58    64    67    75    72    67    53    42    45    59
14914FARGO,ND                        196501-198312    52    54    59    57    60    64    74    71    63    51    39    39    56
94014WILLISTON,ND                    196501-200912    51    57    61    59    63    68    77    75    67    56    43    47    60
93814CINCINNATI,OH                   198305-198312                            47    70    85    76    77    50    44    30      
14820CLEVELAND,OH                    196501-200912    31    40    44    52    57    64    66    61    59    48    30    22    47
14821COLUMBUS,OH                     196501-198312    34    42    42    49    53    54    54    54    55    53    33    28    45
93815DAYTON,OH                       196501-198312    43    47    49    53    61    68    66    65    62    55    37    33    53
94830TOLEDO,OH                       196501-198312    41    48    50    53    59    61    65    61    58    52    34    29    50
13967OKLAHOMA CITY,OK                196501-198312    60    61    65    67    66    73    79    76    68    67    58    59    66
13968TULSA,OK                        196501-198312    51    56    58    60    60    66    74    71    60    62    50    51    59
24229PORTLAND,OR                     196501-198312    28    41    55    58    63    61    72    69    64    46    29    20    50
14737ALLENTOWN,PA                    198307-198311                                        90    93    82    52    47            
13739PHILADELPHIA,PA                 196501-201812    51    54    54    56    53    60    62    63    58    58    49    45    55
94823PITTSBURGH,PA                   196501-201612    28    37    42    46    48    52    54    51    52    46    31    23    42
14777AVOCA,PA                        196501-198312    43    50    49    55    55    60    64    62    53    48    33    33    50
14765PROVIDENCE,RI                   196501-198312    57    58    55    56    55    59    64    61    62    61    48    51    57
13883COLUMBIA,SC                     196501-198312    55    60    65    69    67    68    67    66    65    66    64    57    64
03870GREENVILLE-SPARTANBURG,SC       196501-198312    54    59    64    67    60    60    60    61    60    65    59    55    60
14929ABERDEEN,SD                     200804-200912          54    58    63    65    66    74    78    68    48    21            
14936HURON,SD                        196501-198312    62    62    62    59    66    69    76    74    69    59    51    51    63
24090RAPID CITY,SD                   196501-198312    54    60    62    57    59    65    72    74    71    65    52    54    62
14944SIOUX FALLS,SD                  200601-200912    53    59    46    54    55    58    71    61    59    57    49    55    56
13882CHATTANOOGA,TN                  196501-198312    44    49    54    60    61    63    58    59    57    60    51    46    55
13891KNOXVILLE,TN                    196501-198312    42    48    56    67    65    67    65    67    61    62    51    41    57
13893MEMPHIS,TN                      196501-198312    51    55    58    65    67    74    74    74    67    70    56    50    63
13897NASHVILLE,TN                    196501-201612    42    47    52    58    60    65    64    63    59    62    47    42    55
13962ABILENE,TX                      196501-198312    63    66    70    71    71    77    80    75    69    68    64    65    69
23047AMARILLO,TX                     196501-198312    67    70    71    75    73    79    78    76    70    74    67    65    72
13958AUSTIN,TX                       196501-200912    50    56    53    52    52    66    72    70    64    61    55    51    58
12919BROWNSVILLE,TX                  196501-198312    38    47    55    61    64    76    80    75    69    62    51    40    59
12924CORPUS CHRISTI,TX               196501-198312    43    50    52    54    55    72    79    74    68    66    57    45    59
13960DALLAS,TX                       196501-197312    54    59    61    57    58    69    74    69    62    62    58    55    61
23044EL PASO,TX                      196501-198312    77    83    87    88    89    90    83    81    81    85    81    79    83
12960HOUSTON,TX                      196906-198312    43    50    47    50    57    65    67    64    63    62    54    48    55
23042LUBBOCK,TX                      197212-198312    63    67    75    73    74    80    79    80    72    75    68    68    72
23023MIDLAND-ODESSA,TX               198011-198312    67    64    71    70    79    83    85    78    83    72    73    66    74
12917PORT ARTHUR,TX                  196501-198012    41    54    50    53    60    69    66    62    62    67    58    47    57
12921SAN ANTONIO,TX                  196501-200812    49    55    57    51    50    65    72    69    62    60    54    48    57
24127SALT LAKE CITY,UT               196501-198312    43    59    67    69    73    81    85    83    81    71    52    39    66
14742BURLINGTON,VT                   196501-200812    45    49    49    52    55    56    66    59    53    46    31    31    49
13733LYNCHBURG,VA                    196501-198312    53    58    60    62    63    65    62    64    60    59    55    52    59
13737NORFOLK,VA                      196501-198312    55    62    63    67    62    65    64    66    66    59    58    53    61
13740RICHMOND,VA                     196501-198312    54    61    62    66    65    68    66    67    65    60    60    54    62
94240QUILLAYUTE,WA                   196608-198312    20    28    31    36    37    35    42    42    44    34    21    16    32
24233SEATTLE,WA                      196503-198312    23    38    50    52    55    55    64    62    57    43    29    20    45
24157SPOKANE,WA                      196501-201812    25    37    53    57    63    65    78    76    70    54    26    22    52
13729ELKINS,WV                       198307-198312                                        69    50    52    43    31    18      
14898GREEN BAY,WI                    196501-200912    51    56    55    56    64    66    69    65    57    48    35    38    55
14837MADISON,WI                      196501-198312    47    51    50    49    57    63    67    62    58    50    37    36    52
14839MILWAUKEE,WI                    196501-198312    47    51    50    52    60    65    69    64    57    51    37    35    53
24018CHEYENNE,WY                     196501-198312    58    66    67    66    63    64    67    70    70    67    56    57    64
24021LANDER,WY                       196501-198312    63    67    69    65    63    71    74    76    73    66    58    59    67
24029SHERIDAN,WY                     196501-198312    50    55    61    57    59    65    74    74    69    59    52    52    60
41415GUAM,PC                         196501-198312    54    57    61    63    59    54    44    41    39    41    41    48    50
40309KOROR,PC                        196501-200612    56    59    64    63    58    47    48    48    54    49    53    51    54
40710MAJURO- MARSHALL IS,PC          196501-200612    62    66    66    55    57    55    56    62    61    55    54    54    58
61705PAGO PAGO- AMER SAMOA,PC        196604-201012    43    45    50    44    38    38    45    51    57    44    42    40    44
40504POHNPEI- CAROLINE IS.,PC        196501-200612    40    43    47    43    41    40    40    43    44    39    41    35    41
40505CHUUK- E. CAROLINE IS.,PC       196501-200612    56    62    60    57    52    50    53    57    51    48    49    51    53
40308YAP- W CAROLINE IS.,PC          196501-200612    57    62    66    66    61    55    48    49    51    51    57    58    56
11641SAN JUAN,PR                     196501-200712    66    69    75    69    58    63    68    67    65    60    57    57    64