                                          YRS        JAN   FEB   MAR   APR   MAY   JUN   JUL   AUG   SEP   OCT   NOV   DEC   ANN
13876BIRMINGHAM,AL                   198401-202012   6.9   7.4   7.6   7.2   6.1   5.4   5.2   4.8   5.3   5.5   6.0   6.5   6.2
03856HUNTSVILLE,AL                   198401-202012   8.3   8.7   8.9   8.4   7.3   6.1   5.2   5.1   6.0   6.5   7.3   7.9   7.1
13894MOBILE,AL                       198401-202012   8.5   8.9   8.9   8.5   7.4   6.4   5.7   5.6   6.6   7.0   7.6   8.1   7.4
13895MONTGOMERY,AL                   198401-202012   7.0   7.3   7.2   6.5   5.5   5.0   4.8   4.6   5.4   5.4   5.8   6.5   5.9
26451ANCHORAGE,AK                    198401-202012   6.3   6.4   7.0   7.1   8.2   8.0   7.1   6.6   6.8   6.5   6.5   6.3   6.9
25308ANNETTE,AK                      198401-201909   9.0   8.5   8.7   8.2   7.3   7.2   6.4   6.5   6.9   8.2   8.9   9.0   7.9
27502BARROW,AK                       198401-202012  12.7  12.9  11.8  12.0  12.4  12.0  12.2  12.3  12.9  13.9  13.3  13.1  12.6
26615BETHEL,AK                       198401-202012  14.1  13.8  12.8  11.6  10.6   9.7   9.6  10.3  10.5  11.4  12.3  12.9  11.6
26533BETTLES,AK                      198401-202012   4.6   5.0   5.7   6.4   6.3   5.7   5.4   5.0   5.3   5.2   4.8   4.7   5.3
26415BIG DELTA,AK                    198401-202012  12.0  11.3   9.7   8.8   8.7   7.6   6.8   7.0   8.5   9.2  10.6  12.5   9.4
25624COLD BAY,AK                     198401-202012  16.4  17.4  16.4  16.0  15.5  14.9  14.6  15.0  15.8  16.1  17.1  17.2  16.0
26411FAIRBANKS,AK                    198401-202012   2.4   3.0   4.6   5.8   6.3   5.8   5.3   5.0   4.8   4.0   2.8   2.3   4.3
26425GULKANA,AK                      198401-202012   3.0   4.0   5.7   6.9   7.9   7.5   7.0   7.0   7.0   5.0   3.5   3.3   5.7
25507HOMER,AK                        198401-202012   7.0   7.0   7.2   7.4   7.4   7.2   6.5   6.2   6.5   6.6   6.9   7.3   6.9
25309JUNEAU,AK                       198401-202012   7.3   7.4   7.7   7.7   7.5   6.8   6.6   6.9   7.6   8.2   7.6   7.9   7.4
25503KING SALMON,AK                  198401-202012  10.1  10.5  10.2  10.1   9.9   9.1   8.6   8.8   9.4   9.4   9.6   9.7   9.6
25501KODIAK,AK                       198401-202012  12.0  11.9  12.2  11.6  10.4   9.3   7.9   8.5   9.6  10.9  12.0  12.4  10.7
26616KOTZEBUE,AK                     198401-202012  12.0  12.8  10.7  10.6  10.1  10.7  11.4  11.9  12.2  13.0  13.3  12.6  11.8
26510MCGRATH,AK                      198401-202012   2.9   3.7   4.9   5.7   6.0   5.3   4.9   4.8   4.9   4.5   3.4   2.8   4.5
26617NOME,AK                         198401-202012   9.2  10.3   8.7   8.8   8.9   8.9   9.0   9.5  10.0   9.5  10.4  10.2   9.4
25713ST. PAUL ISLAND,AK              198401-202009  18.5  18.6  17.0  15.9  13.8  12.3  11.3  12.3  14.6  16.3  17.8  17.8  15.5
26528TALKEETNA,AK                    198401-202012   5.2   5.0   5.2   4.4   4.6   4.6   4.1   3.4   3.3   3.7   4.8   4.9   4.4
26442VALDEZ,AK                       198401-201402   7.0   6.8   6.8   5.1   5.6   5.9   4.8   4.2   4.4   6.1   7.7   6.8   5.9
25339YAKUTAT,AK                      198401-202011   5.7   5.6   5.9   5.6   5.7   5.3   4.9   4.9   5.5   5.8   5.8   6.2   5.6
03103FLAGSTAFF,AZ                    198401-202012   6.0   6.6   6.8   7.8   7.5   7.1   5.1   4.4   5.0   5.7   6.1   6.0   6.2
23183PHOENIX,AZ                      198401-202012   4.9   5.6   6.3   7.1   7.1   6.9   7.4   6.8   6.2   5.5   4.9   4.7   6.1
23160TUCSON,AZ                       198401-202012   7.1   7.4   7.8   8.3   8.3   8.2   7.9   7.5   7.7   7.5   7.3   6.9   7.7
23194WINSLOW,AZ                      199507-202012   6.1   7.6   8.8  10.6  10.1   9.8   8.4   7.5   7.2   7.0   6.4   6.2   8.0
13964FORT SMITH,AR                   198401-202012   7.7   8.1   8.6   8.2   7.0   6.1   5.6   5.7   6.0   6.4   7.3   7.5   7.0
13963LITTLE ROCK,AR                  198401-202012   7.7   8.1   8.6   8.3   7.1   6.3   6.1   5.7   5.9   6.1   7.0   7.3   7.0
23155BAKERSFIELD,CA                  198401-202012   4.9   5.6   6.2   7.1   7.6   7.8   7.4   6.9   6.3   5.6   4.8   4.9   6.3
23157BISHOP,CA                       198401-202012   7.1   8.1   9.3  10.1   9.1   8.3   8.0   7.8   7.6   7.6   7.1   7.0   8.1
23225BLUE CANYON,CA                  198401-202012   5.5   6.2   6.3   5.6   5.4   5.1   4.4   4.5   5.0   5.1   5.4   6.1   5.4
93193FRESNO,CA                       198401-202012   4.1   5.0   5.9   7.3   8.3   8.3   7.6   6.9   6.0   4.6   3.9   4.0   6.0
23129LONG BEACH,CA                   198401-202012   4.4   5.4   5.9   6.5   6.5   6.4   6.3   6.1   5.6   5.0   4.4   4.4   5.6
93134LOS ANGELES,CA                  199907-202012   1.4   1.9   2.1   2.4   2.2   2.1   2.1   2.0   1.7   1.5   1.4   1.4   1.9
24257REDDING,CA                      198609-202012   5.4   6.6   6.9   6.6   6.8   7.0   5.9   5.4   5.6   5.7   5.0   5.8   6.1
23232SACRAMENTO,CA                   198401-202012   5.0   6.0   6.6   7.1   7.7   7.9   7.6   7.0   5.8   5.1   4.5   5.2   6.3
23188SAN DIEGO,CA                    198401-202012   5.1   6.1   6.6   7.2   7.4   7.2   7.0   6.8   6.6   5.7   5.1   4.9   6.3
23272SAN FRANCISCO,CA                198401-202012   6.8   8.7  10.4  12.5  13.8  13.8  13.0  12.3  11.1   9.1   7.5   7.2  10.5
23190SANTA BARBARA,CA                198401-202012   4.3   5.5   6.2   6.7   6.7   6.2   6.0   5.6   5.2   4.7   4.4   4.3   5.5
23273SANTA MARIA,CA                  198401-202012   6.3   7.2   8.1   9.0   9.1   8.4   7.1   6.8   6.5   6.6   6.3   6.2   7.3
23237STOCKTON,CA                     198401-202012   6.0   7.3   7.8   8.8   9.7   9.7   8.7   8.0   7.3   6.3   5.7   6.6   7.7
23061ALAMOSA,CO                      198401-202012   5.2   6.8   8.7  10.2   9.9   8.9   6.9   6.3   6.7   6.8   6.3   5.3   7.3
93037COLORADO SPRINGS,CO             198401-202012   8.8   9.5  10.5  11.4  10.6  10.0   8.9   8.5   9.0   9.3   8.9   8.7   9.5
23062DENVER,CO                       198401-199502   7.8   7.8   8.9   9.2   9.0   8.3   7.9   7.5   7.4   7.2   7.6   7.1   8.0
23066GRAND JUNCTION,CO               198401-202012   5.3   6.4   7.9   8.9   9.1   9.4   9.2   8.7   8.4   7.4   6.2   5.3   7.7
93058PUEBLO,CO                       198201-202012   7.2   8.0   9.2  10.3   9.6   9.2   8.5   7.9   7.8   7.6   7.2   6.9   8.3
94702BRIDGEPORT,CT                   198401-202012  10.1  10.3  10.8  10.3   9.4   8.6   8.1   8.3   9.1   9.6   9.8   9.9   9.5
14740HARTFORD,CT                     198401-202012   8.3   8.8   9.4   9.0   8.1   7.2   6.7   6.3   6.7   7.3   7.9   8.0   7.8
13781WILMINGTON,DE                   198401-202012   9.2   9.6  10.3   9.9   8.4   7.8   7.4   6.9   7.4   7.7   8.5   8.7   8.5
93738WASHINGTON DULLES,DC            198401-202012   7.8   8.0   8.5   8.1   6.9   6.3   5.7   5.6   6.0   6.3   7.0   7.0   6.9
13743WASHINGTON NAT'L,DC             198401-202012   9.5   9.6  10.4   9.9   8.9   8.6   8.0   7.8   8.2   8.4   8.8   8.9   8.9
12834DAYTONA BEACH,FL                198401-202012   7.3   7.5   8.0   7.8   7.4   6.3   5.7   5.7   6.7   7.5   7.2   6.7   7.0
12835FORT MYERS,FL                   198401-202012   7.5   7.6   8.2   8.0   7.3   6.2   5.5   5.8   6.4   7.5   7.5   7.0   7.0
12816GAINESVILLE,FL                  198401-202012   6.4   6.8   7.1   6.9   6.4   5.6   5.0   5.0   5.5   5.9   5.9   5.8   6.0
13889JACKSONVILLE,FL                 198401-202012   7.0   7.3   7.8   7.5   7.0   6.3   5.8   5.7   6.3   6.5   6.4   6.4   6.7
12836KEY WEST,FL                     198401-202012  10.8  10.6  11.0  11.0  10.1   9.1   8.6   8.5   8.8  10.3  11.1  10.6  10.0
12839MIAMI,FL                        198401-202012   8.6   8.8   9.7   9.7   9.0   7.5   7.2   7.1   7.4   8.6   8.8   8.3   8.4
12815ORLANDO,FL                      198401-202012   8.3   8.4   9.0   8.7   8.0   6.9   6.3   6.3   7.0   7.8   8.1   7.7   7.7
13899PENSACOLA,FL                    198401-202012   8.6   8.9   9.2   9.1   8.4   7.4   6.7   6.4   7.0   7.4   7.9   8.1   7.9
93805TALLAHASSEE,FL                  198401-202012   5.8   6.1   6.4   6.2   5.8   5.0   4.5   4.5   5.4   5.5   5.4   5.4   5.5
12842TAMPA,FL                        198401-202012   7.2   7.4   7.9   7.8   7.2   6.6   5.8   5.6   6.2   6.7   7.0   6.7   6.8
12843VERO BEACH,FL                   198401-202012   8.5   8.7   9.5   9.4   8.9   7.5   6.8   6.6   7.3   8.5   8.6   8.0   8.2
12844WEST PALM BEACH,FL              198401-202012   9.9  10.0  11.0  10.7  10.0   8.2   7.7   7.7   8.4   9.9  10.3   9.6   9.5
13873ATHENS,GA                       198401-202012   7.1   7.2   7.2   6.5   5.7   5.1   4.9   4.7   5.4   5.5   5.9   6.5   6.0
13874ATLANTA,GA                      198401-202012   9.3   9.5   9.5   9.0   8.0   7.4   7.1   6.8   7.6   7.9   8.3   8.8   8.3
03820AUGUSTA,GA                      198401-202012   6.1   6.5   6.8   6.5   5.7   5.1   5.0   4.3   4.7   4.7   5.0   5.4   5.5
93842COLUMBUS,GA                     198401-202012   6.5   6.8   7.0   6.6   6.1   5.6   5.5   5.2   5.8   5.7   5.7   6.0   6.0
03813MACON,GA                        198401-202012   6.6   6.9   7.0   6.5   5.9   5.5   5.2   4.8   5.3   5.4   5.6   6.0   5.9
03822SAVANNAH,GA                     198401-202012   7.3   7.7   8.2   7.8   7.1   6.5   6.2   5.9   6.6   6.5   6.5   6.7   6.9
21504HILO,HI                         198401-202012   6.9   7.2   7.2   7.0   6.9   6.6   6.5   6.5   6.5   6.3   6.4   6.5   6.7
22521HONOLULU,HI                     198401-202012   8.5   9.1  10.1  10.9  10.4  11.8  11.9  11.7  10.2   9.5   9.7   9.3  10.3
22516KAHULUI,HI                      198401-202012  10.6  11.2  12.2  13.3  12.9  15.2  15.3  14.9  13.0  11.9  11.7  11.0  12.8
22536LIHUE,HI                        198401-202012  11.9  12.4  13.4  14.3  13.2  14.3  14.6  13.9  12.7  12.5  13.3  12.7  13.3
24131BOISE,ID                        198401-202012   6.5   7.7   8.7   8.8   8.3   8.1   7.4   7.3   7.1   7.0   7.0   6.9   7.6
24149LEWISTON,ID                     198401-202012   6.4   5.8   6.2   6.3   5.9   5.9   5.8   5.5   4.9   4.9   5.7   6.0   5.8
24156POCATELLO,ID                    198401-202012   9.2   9.8  10.7  11.5  10.2   9.7   8.6   8.5   8.4   9.4   9.7   9.1   9.6
94846CHICAGO,IL                      198401-202012  11.1  10.9  11.1  11.2  10.0   8.9   8.2   7.8   8.5   9.7  10.6  10.4   9.9
14923MOLINE,IL                       198401-202012   9.7   9.5  10.2  10.5   8.8   7.5   6.5   6.0   6.8   8.2   9.3   9.1   8.5
14842PEORIA,IL                       198401-202012   9.4   9.2   9.9  10.0   8.4   7.4   6.4   6.0   6.6   7.9   9.2   8.9   8.3
94822ROCKFORD,IL                     198401-202012  10.0  10.1  10.7  11.1   9.6   8.2   7.3   6.8   7.6   9.0  10.0   9.6   9.2
93822SPRINGFIELD,IL                  198401-202012  10.9  10.7  11.3  11.3   9.5   7.8   6.7   6.4   7.1   8.9  10.6  10.4   9.3
93817EVANSVILLE,IN                   198401-202012   8.2   8.2   8.3   8.2   6.9   6.2   5.4   5.0   5.3   6.1   7.2   7.5   6.9
14827FORT WAYNE,IN                   198401-202012  11.0  10.5  10.6  10.8   9.4   8.1   6.9   6.2   6.9   8.6  10.0  10.3   9.1
93819INDIANAPOLIS,IN                 198401-202012  10.9  10.8  11.1  11.1   9.5   8.5   7.6   7.3   7.9   9.1  10.2  10.3   9.5
14848SOUTH BEND,IN                   198401-202012  10.8  10.4  10.4  10.5   9.1   8.0   7.2   6.7   7.3   8.7  10.0  10.2   9.1
14933DES MOINES,IA                   198401-202012  10.6  10.4  11.1  11.4  10.0   9.1   8.3   7.8   8.8   9.7  10.5  10.2   9.8
94908DUBUQUE,IA                      198401-202012  11.4  11.4  11.8  12.3  10.6   9.1   7.9   7.6   8.7  10.3  11.3  10.9  10.3
14943SIOUX CITY,IA                   198401-202012  11.1  11.1  11.7  12.4  11.3   9.8   8.2   8.0   9.1  10.1  10.8  10.7  10.4
94910WATERLOO,IA                     198401-202012  10.6  10.6  11.3  11.9  10.4   8.9   7.6   7.2   8.4   9.6  10.4  10.1   9.8
13984CONCORDIA,KS                    198401-202012  10.8  11.1  12.4  12.8  11.2  11.1  10.1   9.5  10.5  10.8  11.3  10.6  11.0
13985DODGE CITY,KS                   198401-202012  12.4  13.0  14.3  14.8  13.7  13.6  12.3  11.6  12.9  12.8  12.9  12.4  13.1
23065GOODLAND,KS                     198401-202012  11.9  12.4  13.3  14.1  13.0  12.2  11.1  10.6  11.4  11.7  11.9  11.7  12.1
13996TOPEKA,KS                       198401-202012   8.3   8.5   9.7   9.9   8.4   7.9   6.8   6.2   6.9   7.7   8.4   7.9   8.0
03928WICHITA,KS                      198401-202012  11.1  11.6  12.9  13.3  11.8  11.9  10.7  10.1  10.9  11.2  11.6  10.8  11.5
03889JACKSON,KY                      198401-202012   6.1   6.2   6.3   6.1   4.3   3.6   3.2   3.1   3.5   4.2   5.4   5.7   4.8
93820LEXINGTON,KY                    198401-202012   9.5   9.3   9.4   9.2   7.6   6.8   6.1   5.9   6.4   7.3   8.5   8.8   7.9
93821LOUISVILLE,KY                   198401-202012   9.0   9.0   9.1   9.0   7.7   7.2   6.6   6.2   6.4   7.1   8.1   8.3   7.8
03816PADUCAH,KY                      198410-202012   8.3   8.4   8.8   8.3   6.8   5.8   5.3   4.7   5.1   6.2   7.5   7.8   6.9
13970BATON ROUGE,LA                  198401-202012   7.2   7.7   7.6   7.6   6.6   5.8   5.2   4.9   5.4   5.6   6.2   6.7   6.4
03937LAKE CHARLES,LA                 198401-202012   8.7   9.1   8.9   8.8   7.7   6.5   5.5   5.3   6.5   7.2   7.9   8.5   7.6
12916NEW ORLEANS,LA                  198401-202012   9.1   9.4   9.2   9.3   8.1   6.7   5.9   6.1   7.2   7.9   8.3   8.7   8.0
13957SHREVEPORT,LA                   198401-202012   8.1   8.5   8.7   8.6   7.7   6.6   6.1   5.7   6.2   6.4   7.3   7.6   7.3
14607CARIBOU,ME                      198401-202012   8.4   8.5   9.1   8.8   8.4   7.5   6.6   6.3   7.1   7.9   8.3   8.2   7.9
14764PORTLAND,ME                     198401-202012   8.1   8.5   9.3   9.2   8.3   7.5   6.9   6.7   7.0   7.7   7.9   8.0   7.9
93721BALTIMORE,MD                    198401-202012   7.9   8.2   8.8   8.5   7.3   6.7   6.2   5.8   6.3   6.5   7.1   7.4   7.2
14739BOSTON,MA                       198401-202012  12.6  12.6  12.8  12.2  11.2  10.6  10.2   9.9  10.4  11.3  11.6  12.3  11.5
94746WORCESTER,MA                    198401-202012  11.4  11.5  11.4  10.8   9.9   9.2   8.8   8.4   8.8   9.9  10.7  11.3  10.2
94849ALPENA,MI                       198401-202011   8.3   8.4   8.4   8.8   7.9   6.9   6.4   6.2   6.6   7.6   8.2   8.0   7.6
94847DETROIT,MI                      198401-202012  11.0  10.5  10.4  10.4   9.1   8.4   7.9   7.3   7.7   9.2  10.3  10.5   9.4
14826FLINT,MI                        198401-202012  10.4  10.2  10.2  10.3   9.1   7.9   7.2   6.8   7.5   8.8   9.8   9.8   9.0
94860GRAND RAPIDS,MI                 198401-202012  10.8  10.6  10.5  10.8   9.5   8.5   7.9   7.4   7.8   9.2  10.2  10.3   9.5
94814HOUGHTON LAKE,MI                198401-202011   8.7   8.5   8.5   9.3   8.5   7.5   6.8   6.6   7.1   8.3   9.0   8.8   8.1
14836LANSING,MI                      198401-202012  10.5  10.2  10.1  10.2   8.9   7.9   7.1   6.7   7.2   8.6   9.9  10.1   8.9
14840MUSKEGON,MI                     198401-202012  11.4  10.9  10.6  10.7   9.4   8.5   8.0   7.7   8.4   9.9  11.2  11.0   9.8
14847SAULT STE. MARIE,MI             198401-202011   7.8   8.0   8.2   8.6   8.1   7.1   6.7   6.5   7.0   7.8   8.5   8.1   7.7
14913DULUTH,MN                       198401-202012  10.6  10.5  10.5  11.1  10.4   9.3   8.5   8.5   9.5  10.4  10.6  10.4  10.0
14918INTERNATIONAL FALLS,MN          198401-202012   7.7   7.9   8.3   8.6   8.2   7.4   6.5   6.4   7.3   8.0   8.1   7.5   7.7
14922MINNEAPOLIS-ST.PAUL,MN          198401-202012   9.6   9.6  10.2  11.1  10.2   9.4   8.7   8.4   9.3   9.9   9.8   9.4   9.6
14925ROCHESTER,MN                    198401-202012  13.4  13.2  13.3  13.6  12.5  11.2   9.6   9.2  10.5  11.9  13.2  13.0  12.0
14926SAINT CLOUD,MN                  198401-202012   8.5   8.5   9.0   9.7   9.0   7.9   6.9   6.6   7.6   8.5   8.7   8.2   8.3
03940JACKSON,MS                      198401-202012   7.2   7.5   7.6   7.2   6.1   5.2   4.6   4.5   5.3   5.5   6.1   6.8   6.1
13865MERIDIAN,MS                     198401-202012   6.8   7.3   7.3   6.8   5.7   4.9   4.5   4.3   5.0   5.1   5.8   6.4   5.8
93862TUPELO,MS                       198401-202012   7.4   7.9   8.0   7.4   6.3   5.4   4.9   4.9   5.7   5.7   6.6   7.1   6.4
03945COLUMBIA,MO                     198401-202012  10.4  10.5  11.2  11.2   9.2   8.3   7.5   7.4   8.0   9.3  10.4  10.2   9.5
03947KANSAS CITY,MO                  198401-202012  10.9  10.9  11.9  12.1  10.2   9.8   8.9   8.5   9.3  10.2  11.0  10.5  10.3
13994ST. LOUIS,MO                    198401-202012  10.0  10.1  10.5  10.5   9.0   8.2   7.6   7.2   7.4   8.6   9.5   9.6   9.0
13995SPRINGFIELD,MO                  198401-202012  10.1  10.3  11.0  10.7   9.1   8.4   7.4   7.3   7.9   9.0  10.0  10.0   9.3
24033BILLINGS,MT                     198401-202012  13.4  11.9  10.8  10.6   9.9   9.4   8.8   8.8   9.3  10.6  11.9  12.9  10.7
94008GLASGOW,MT                      198401-202012   9.5   9.5  11.1  12.1  12.0  11.0  10.4  10.7  10.5  10.5   9.7   9.4  10.5
24143GREAT FALLS,MT                  198401-202012  14.0  12.2  11.8  11.4  10.5   9.9   9.1   9.1  10.0  11.8  13.7  14.0  11.5
94012HAVRE,MT                        198401-202012  10.1   9.3   9.8  10.5  10.1   9.6   8.5   8.4   8.6   9.3   9.9  10.0   9.5
24144HELENA,MT                       198401-202012   5.7   6.4   7.4   8.3   8.0   7.9   7.1   6.5   6.4   6.6   6.3   5.6   6.9
24146KALISPELL,MT                    198401-202012   4.3   5.0   6.0   7.0   6.7   6.0   5.6   5.4   5.1   4.6   4.8   4.0   5.4
24153MISSOULA,MT                     198401-202012   4.0   4.9   5.8   6.7   6.5   6.5   6.3   5.8   5.1   4.5   4.4   4.0   5.4
14935GRAND ISLAND,NE                 198401-202012  11.2  11.6  12.6  13.4  11.9  11.0   9.3   9.0  10.3  11.0  11.3  11.1  11.1
14939LINCOLN,NE                      198401-202012   9.4   9.8  11.1  12.0  10.5   9.9   8.8   8.5   9.3   9.6   9.8   9.2   9.8
14941NORFOLK,NE                      198401-202012  11.0  11.2  12.0  12.4  11.1  10.1   8.9   8.8   9.9  10.5  10.8  10.7  10.6
24023NORTH PLATTE,NE                 198401-202012   8.5   9.2  10.4  11.5  10.4   9.5   8.5   8.1   8.8   9.0   8.7   8.3   9.2
14942OMAHA,NE                        198401-202012  10.3  10.5  11.4  11.8  10.4   9.7   8.6   8.3   9.3   9.8  10.4  10.2  10.0
24028SCOTTSBLUFF,NE                  198401-202012   9.9  10.4  11.0  11.6  10.9   9.9   8.6   8.2   8.5   9.2   9.4   9.4   9.8
24032VALENTINE,NE                    198401-202012   9.4   9.6  10.4  11.3  11.0  10.1   9.2   9.3   9.8   9.9   9.6   9.4   9.9
24121ELKO,NV                         198401-202012   4.8   5.5   6.3   6.9   6.6   6.5   6.1   5.7   5.3   4.9   5.0   4.8   5.7
23154ELY,NV                          198401-202012   9.0   9.3   9.9  10.0   9.8  10.0   9.5   9.6   9.4   9.2   9.0   9.0   9.5
23169LAS VEGAS,NV                    198401-202012   6.7   7.7   9.3  10.3  10.3  10.3   9.1   8.7   8.0   7.4   6.9   6.6   8.4
23185RENO,NV                         198401-202012   4.6   5.8   7.5   8.2   8.1   7.8   7.2   6.6   5.6   4.9   5.1   4.9   6.4
24128WINNEMUCCA,NV                   198401-202012   7.0   7.9   8.3   8.5   8.3   8.4   7.8   7.4   7.1   6.7   7.0   7.0   7.6
14745CONCORD,NH                      198401-202012   6.6   7.1   7.4   7.1   6.3   5.6   5.1   4.6   4.8   5.4   5.9   6.3   6.0
14755MT. WASHINGTON,NH               198401-202008  46.8  45.4  41.0  35.5  30.5  28.7  26.0  25.7  29.3  36.2  40.4  44.3  35.8
93730ATLANTIC CITY,NJ                198401-202012   9.5  10.0  10.6  10.4   8.9   8.0   7.4   6.9   7.4   7.9   8.7   9.0   8.7
14734NEWARK,NJ                       198401-202012  10.7  10.9  11.2  10.6   9.5   9.2   8.7   8.4   8.7   9.4  10.0  10.3   9.8
23050ALBUQUERQUE,NM                  198401-202012   7.3   8.3   9.0  10.1   9.8   9.2   8.2   7.6   7.6   7.6   7.3   6.9   8.2
23051CLAYTON,NM                      198401-202012  11.6  12.5  13.0  14.0  13.0  12.7  11.3  10.4  11.4  11.8  12.0  11.8  12.1
23009ROSWELL,NM                      198401-202012   7.4   8.7   9.6  10.4   9.9   9.8   8.5   7.6   7.9   7.7   7.6   7.2   8.5
14735ALBANY,NY                       198401-202012   8.7   9.0   9.6   9.2   7.8   7.2   6.6   6.0   6.3   7.1   8.2   8.4   7.9
04725BINGHAMTON,NY                   198401-202012   9.8   9.9  10.0   9.7   8.6   8.0   7.2   7.0   7.6   8.6   9.3   9.5   8.8
14733BUFFALO,NY                      198401-202012  12.4  11.8  11.1  10.8  10.0   9.3   8.9   8.3   8.5   9.7  11.0  11.5  10.3
04781ISLIP,NY                        198401-202012  10.0  10.2  10.7  10.2   8.9   8.4   7.8   7.5   7.9   8.6   9.3   9.6   9.1
94728NEW YORK Central Park,NY        198401-202012   7.6   7.6   7.7   6.9   5.7   5.1   4.7   4.4   4.9   5.6   6.2   7.0   6.1
94789NEW YORK JFK AP,NY              198401-202012  12.6  12.6  12.9  12.1  10.5  10.2   9.8   9.4   9.8  10.7  11.7  12.3  11.2
14732NEW YORK Laguardia AP,NY        198401-202012  12.7  12.6  12.7  11.8  10.6  10.1   9.5   9.4  10.1  10.8  11.8  12.4  11.2
14768ROCHESTER,NY                    198401-202012  10.6  10.4  10.2  10.0   8.7   8.1   7.4   7.0   7.3   8.4   9.4   9.9   9.0
14771SYRACUSE,NY                     198401-202012   9.7   9.6   9.6   9.2   7.9   7.2   6.8   6.3   6.8   7.7   9.1   9.4   8.3
03812ASHEVILLE,NC                    198401-202012   8.5   8.4   8.3   7.8   6.1   5.2   4.9   4.5   4.7   5.7   7.1   7.7   6.6
93729CAPE HATTERAS,NC                198401-202012  10.0  10.1  10.5  10.6   9.7   9.5   9.0   8.4   9.4   9.2   9.4   9.7   9.6
13881CHARLOTTE,NC                    198401-202012   6.6   7.1   7.6   7.6   6.7   6.1   5.7   5.4   6.1   5.7   5.9   6.1   6.4
13723GREENSBORO-WNSTN-SALM-HGHPT,NC  198401-202012   7.7   8.0   8.5   8.6   7.4   6.7   6.2   5.8   6.2   6.3   6.8   7.0   7.1
13722RALEIGH,NC                      198401-202012   6.8   7.2   7.8   7.9   6.9   6.3   6.1   5.6   5.9   5.6   5.7   6.1   6.5
13748WILMINGTON,NC                   198401-202012   8.0   8.4   9.0   9.2   8.2   7.6   7.2   6.5   7.2   6.8   7.1   7.3   7.7
24011BISMARCK,ND                     198401-202012   9.2   9.0  10.1  10.7  10.6   9.5   8.5   8.6   9.0   9.5   9.0   9.0   9.4
14914FARGO,ND                        198401-202012  11.3  11.5  11.9  12.3  12.0  10.5   9.2   9.5  10.5  11.6  11.5  11.3  11.1
14916GRAND FORKS,ND                  199502-202012  11.0  10.7  11.0  11.3  11.2   9.7   8.4   8.5   9.8  10.6  10.6  10.7  10.3
94014WILLISTON,ND                    198401-201909   8.8   8.7   9.4  10.3  10.4   9.6   8.6   8.5   8.7   9.1   8.6   8.6   9.1
14895AKRON,OH                        198401-202012  11.0  10.5  10.4  10.1   8.6   7.9   7.2   6.9   7.5   8.7  10.0  10.3   9.1
93814CINCINNATI,OH                   198401-202012   9.7   9.7   9.9   9.7   7.9   7.2   6.5   6.3   6.7   7.6   8.9   9.1   8.3
14820CLEVELAND,OH                    198401-202012  11.4  10.7  10.7  10.3   9.1   8.4   7.8   7.5   8.1   9.3  10.6  10.7   9.6
14821COLUMBUS,OH                     198401-202012   9.2   8.9   9.0   8.9   7.4   6.8   6.0   5.6   5.9   6.9   8.1   8.5   7.6
93815DAYTON,OH                       198401-202012  11.1  10.8  10.8  10.7   9.2   8.3   7.4   7.0   7.6   8.9  10.3  10.5   9.4
14891MANSFIELD,OH                    198401-202012  11.7  11.0  11.1  11.1   9.5   8.5   7.5   7.2   7.9   9.5  10.8  10.9   9.7
94830TOLEDO,OH                       198401-202012  10.4  10.0  10.1  10.3   8.7   7.6   6.7   6.2   6.7   8.1   9.4   9.6   8.6
14852YOUNGSTOWN,OH                   198401-202012  10.2   9.8   9.9   9.7   8.2   7.3   6.7   6.4   7.0   8.2   9.4   9.7   8.5
13967OKLAHOMA CITY,OK                198401-202012  11.6  12.2  13.2  13.3  11.7  10.8   9.8   9.3   9.7  11.0  11.9  11.3  11.3
13968TULSA,OK                        198401-202012   9.4   9.7  10.7  11.0   9.9   9.4   8.7   7.9   8.0   8.8   9.7   9.1   9.4
94224ASTORIA,OR                      198401-202012   8.4   8.1   8.2   8.1   7.8   8.0   8.2   7.5   6.8   6.9   8.1   8.4   7.9
94185BURNS,OR                        199804-202012   4.8   6.2   7.5   8.3   8.0   7.6   7.0   6.7   6.3   5.9   5.4   5.0   6.6
24221EUGENE,OR                       198401-202012   6.9   7.1   7.3   7.1   6.6   7.0   7.4   7.1   6.8   6.4   6.9   7.0   7.0
24225MEDFORD,OR                      198401-202012   3.1   3.8   4.4   4.7   5.1   5.5   5.2   4.6   3.7   3.0   3.0   3.1   4.1
24155PENDLETON,OR                    198401-202012   6.9   7.4   8.5   9.2   8.8   8.9   8.4   8.2   7.7   7.5   7.5   7.0   8.0
24229PORTLAND,OR                     198401-202012   9.2   8.5   7.6   7.0   6.6   6.8   7.1   6.6   6.1   6.2   7.9   9.1   7.4
24232SALEM,OR                        198401-202012   6.9   6.9   7.2   6.8   6.3   6.5   6.5   5.9   5.5   5.6   7.0   6.9   6.5
24235SEXTON SUMMIT,OR                198401-202012  11.1   9.8   8.5   7.4   7.0   7.0   7.3   6.9   7.0   8.3  10.4  11.0   8.5
14737ALLENTOWN,PA                    198401-202012   8.2   8.6   9.1   8.7   7.6   6.9   6.1   5.7   6.0   6.7   7.4   7.8   7.4
14860ERIE,PA                         198401-202012  12.0  10.9  10.7  10.2   9.2   8.6   8.0   8.0   8.9  10.2  11.6  11.8  10.0
14711MIDDLETOWN/HARRISBURG,PA        199110-202012   8.5   8.8   9.3   8.8   7.2   6.5   5.9   5.4   5.7   6.2   7.4   8.0   7.3
13739PHILADELPHIA,PA                 198401-202012   9.9  10.3  10.8  10.3   9.0   8.6   8.3   7.8   8.1   8.7   9.3   9.7   9.2
94823PITTSBURGH,PA                   198401-202012   9.2   9.1   9.3   9.1   7.6   7.0   6.2   5.9   6.2   7.1   8.1   8.6   7.8
14777AVOCA,PA                        198401-202012   7.7   7.9   8.3   8.1   6.9   6.3   5.9   5.5   5.9   6.4   7.2   7.4   7.0
14778WILLIAMSPORT,PA                 198401-202012   7.6   7.7   7.9   7.8   6.5   5.9   5.3   4.8   5.1   5.7   6.7   7.1   6.5
14765PROVIDENCE,RI                   198401-202012   9.7  10.0  10.7  10.4   9.5   8.8   8.4   8.1   8.1   8.7   9.1   9.3   9.2
13782CHARLESTON,SC                   198401-202012   8.2   8.6   9.1   9.1   8.3   7.7   7.3   6.8   7.3   7.2   7.3   7.5   7.9
13883COLUMBIA,SC                     198401-202012   6.6   6.9   7.3   7.5   6.6   6.0   5.7   5.1   5.5   5.3   5.3   5.8   6.1
03870GREENVILLE-SPARTANBURG,SC       198401-202012   7.2   7.5   7.9   7.8   6.7   6.2   5.7   5.2   5.8   6.0   6.2   6.6   6.6
14929ABERDEEN,SD                     198401-202012  10.5  10.7  11.5  12.4  12.0  10.5   9.1   9.0  10.1  10.7  10.5  10.4  10.6
14936HURON,SD                        198401-202012  10.5  10.6  11.4  11.8  11.1   9.8   9.0   8.9   9.8  10.4  10.5  10.5  10.4
24090RAPID CITY,SD                   198401-202012  10.3  10.8  11.6  12.6  11.7  10.3   9.5   9.4  10.1  10.8  10.3  10.1  10.6
14944SIOUX FALLS,SD                  198401-202012  10.3  10.4  11.4  12.0  10.9   9.8   9.1   8.7   9.6  10.0  10.3  10.0  10.2
13877BRISTOL-JHNSN CTY-KNGSPRT,TN    198401-202012   5.5   5.7   6.0   5.7   4.5   3.9   3.6   3.1   3.2   3.6   4.2   4.7   4.5
13882CHATTANOOGA,TN                  198401-202012   5.8   6.2   6.5   6.0   5.0   4.4   4.2   3.9   4.0   4.2   4.7   5.3   5.0
13891KNOXVILLE,TN                    198401-202012   6.7   7.1   7.3   7.2   6.2   5.6   5.4   4.8   4.8   5.0   5.5   6.1   6.0
13893MEMPHIS,TN                      198401-202012   8.9   9.4   9.5   9.2   8.3   7.4   6.8   6.6   7.0   7.3   8.0   8.6   8.1
13897NASHVILLE,TN                    198401-202012   8.0   8.3   8.5   8.0   6.9   6.1   5.8   5.5   5.8   6.3   7.2   7.8   7.0
13962ABILENE,TX                      198401-202012  10.7  11.4  12.4  13.0  12.1  11.3  10.0   9.0   9.1  10.4  10.8  10.5  10.9
23047AMARILLO,TX                     198401-202012  12.1  12.9  13.9  14.7  13.7  13.9  12.4  11.4  12.1  12.5  12.7  12.2  12.9
13958AUSTIN,TX                       198401-202012   6.7   7.2   7.7   7.6   7.2   6.6   6.2   5.7   5.4   5.8   6.2   6.3   6.5
12919BROWNSVILLE,TX                  198401-202012  10.0  11.3  12.0  12.4  12.2  10.9  10.9   9.4   7.9   8.6   9.4   9.7  10.4
12924CORPUS CHRISTI,TX               198401-202012  11.8  12.8  13.6  13.8  12.6  10.7  10.8  10.3   9.7  10.6  11.5  11.6  11.7
13960DALLAS,TX                       199804-202012   8.9  10.0  10.7  11.3  10.8  10.3   8.9   8.2   7.9   8.7   8.9   8.7   9.4
22010DEL RIO,TX                      199604-202012   7.3   8.2   9.3  10.1  10.2  10.5   9.9   8.9   7.7   8.1   7.4   7.0   8.7
23044EL PASO,TX                      198401-202012   7.4   8.5   9.5  10.5   9.8   8.7   7.7   7.0   6.9   7.1   7.3   7.2   8.1
12923GALVESTON,TX                    199903-202012  11.5  11.8  12.0  12.6  12.7  11.1   9.8   9.5   9.9  10.7  11.1  11.4  11.2
12960HOUSTON,TX                      198401-202012   7.9   8.4   8.7   8.9   8.3   7.1   6.2   5.9   6.3   6.9   7.4   7.6   7.5
23042LUBBOCK,TX                      198401-202012  11.7  12.4  13.6  14.3  13.7  13.1  10.9  10.0  10.2  11.1  11.5  11.4  12.0
23023MIDLAND-ODESSA,TX               198401-202012  10.1  11.0  11.9  12.7  12.4  12.4  10.9   9.8   9.8  10.3  10.1   9.9  10.9
12917PORT ARTHUR,TX                  198401-202012   9.5  10.1  10.1  10.2   9.2   7.8   6.3   6.0   7.2   8.1   8.8   9.2   8.5
23034SAN ANGELO,TX                   198401-202012   9.6  10.3  10.9  11.2  10.5   9.9   8.9   8.1   7.9   8.6   9.3   9.3   9.5
12921SAN ANTONIO,TX                  198401-202012   7.6   8.1   9.0   9.3   9.4   9.2   8.8   8.1   7.3   7.5   7.5   7.4   8.3
12912VICTORIA,TX                     198401-202012   9.7  10.3  10.8  11.1  10.6   9.3   8.5   8.0   7.8   8.4   8.9   9.3   9.4
13959WACO,TX                         198401-202012   9.9  10.6  11.3  11.3  10.5  10.0   9.8   9.1   8.4   9.2   9.7   9.5  10.0
13966WICHITA FALLS,TX                198401-202012  10.9  11.5  12.4  12.8  12.1  11.7  10.7   9.7   9.6  10.7  11.1  10.6  11.2
24127SALT LAKE CITY,UT               198401-202012   6.5   7.7   9.0   9.4   9.0   9.2   9.1   9.3   8.7   7.9   7.5   6.9   8.4
14742BURLINGTON,VT                   198401-202012   9.2   8.6   8.9   8.9   8.2   7.6   7.0   6.9   7.4   8.1   9.1   8.9   8.2
13733LYNCHBURG,VA                    198401-202012   6.3   6.5   7.0   7.1   5.9   5.1   4.7   4.4   4.9   5.1   5.5   5.7   5.7
13737NORFOLK,VA                      198401-202012  10.0  10.3  10.9  10.9   9.9   9.1   8.5   8.0   9.1   9.1   9.2   9.4   9.5
13740RICHMOND,VA                     198401-202012   8.2   8.5   9.1   9.1   7.9   7.3   6.9   6.3   6.8   6.9   7.4   7.5   7.7
13741ROANOKE,VA                      198401-202012   8.0   8.0   8.2   7.9   6.5   5.9   5.5   5.0   5.1   5.7   6.5   7.1   6.6
93739WALLOPS ISLAND,VA               198401-202012   9.3   9.7  10.4  10.5   9.7   8.9   8.1   7.9   8.7   8.4   8.6   8.5   9.0
24227OLYMPIA,WA                      198401-202012   6.0   5.9   6.3   6.5   6.0   6.1   5.5   5.2   4.9   5.3   6.3   5.9   5.8
94240QUILLAYUTE,WA                   198401-202012   6.3   6.2   6.2   5.9   5.3   5.1   4.8   4.4   4.3   4.9   6.0   6.0   5.4
24233SEATTLE,WA                      198401-202012   8.4   8.5   8.6   8.2   7.7   7.7   7.3   7.0   7.0   7.4   8.4   8.4   7.9
24157SPOKANE,WA                      198401-202012   8.2   8.5   9.6   9.9   9.3   9.3   8.6   8.1   7.9   8.2   8.7   7.9   8.7
24160WALLA WALLA,WA                  199811-202012   7.1   7.6   8.9   8.9   8.3   8.6   8.2   7.9   7.3   7.2   7.4   7.1   7.9
24243YAKIMA,WA                       198401-202012   4.4   5.5   6.7   7.5   7.5   7.7   7.2   6.7   6.3   5.7   5.0   4.1   6.2
03872BECKLEY,WV                      198401-202012   8.6   8.5   8.6   8.4   7.0   6.0   5.4   5.2   5.8   6.6   7.6   8.0   7.1
13866CHARLESTON,WV                   198401-202012   5.8   5.7   5.8   5.8   4.4   4.0   3.5   3.1   3.2   3.7   4.6   5.2   4.6
13729ELKINS,WV                       198401-202012   6.0   6.1   6.3   6.3   4.9   4.1   3.6   3.1   3.3   4.1   5.0   5.4   4.9
03860HUNTINGTON,WV                   198401-202012   6.9   6.9   7.0   6.9   5.5   5.1   4.6   4.2   4.5   5.1   6.0   6.3   5.7
14898GREEN BAY,WI                    198401-202012   9.6   9.6   9.6  10.4   9.2   7.9   7.1   6.6   7.5   8.8   9.4   9.2   8.7
14920LA CROSSE,WI                    198401-202012   8.6   8.6   9.0   9.7   8.7   8.1   7.5   7.1   8.0   8.9   9.3   8.6   8.5
14837MADISON,WI                      198401-202011   8.6   8.7   9.2   9.8   8.4   7.4   6.6   6.3   7.0   8.0   8.8   8.4   8.1
14839MILWAUKEE,WI                    198401-202011  11.0  10.8  10.9  11.4  10.2   9.0   8.9   8.4   9.0  10.2  10.8  10.6  10.1
24089CASPER,WY                       198401-202012  15.5  13.9  12.8  11.7  10.7  10.3   9.3   9.5  10.1  11.4  13.8  15.1  12.0
24018CHEYENNE,WY                     198401-202012  14.3  13.6  13.6  13.4  11.9  11.0   9.9   9.8  10.5  11.8  13.1  13.7  12.2
24021LANDER,WY                       198401-202012   4.8   5.2   6.6   7.4   7.3   7.5   7.1   7.0   6.4   5.7   5.3   4.8   6.3
24029SHERIDAN,WY                     198401-202012   6.7   7.1   8.0   9.0   8.3   7.2   6.5   6.3   6.5   6.9   6.7   6.7   7.2
41415GUAM,PC                         198401-202012  11.7  12.0  11.7  11.1   9.6   9.1   7.5   7.0   6.7   7.7  10.6  11.9   9.7
40309KOROR,PC                        198401-201807   6.8   7.0   6.6   6.0   5.2   5.4   6.0   6.6   6.4   5.9   5.5   6.0   6.1
40604KWAJALEIN- MARSHALL IS.,PC      198401-202008  17.0  16.5  16.3  15.4  14.2  13.3  11.2   9.5   8.8   9.7  12.5  16.7  13.4
40710MAJURO- MARSHALL IS,PC          198401-202008  12.4  12.4  12.6  12.1  10.9   9.8   8.2   7.1   6.9   7.0   8.4  11.2   9.9
61705PAGO PAGO- AMER SAMOA,PC        198401-202011   9.4   9.5   8.6   9.1  11.0  13.0  13.6  13.4  13.7  12.3  10.8   9.9  11.2
40504POHNPEI- CAROLINE IS.,PC        198401-202008   7.6   7.5   7.2   6.7   6.2   5.7   5.0   4.8   5.0   4.9   5.3   6.7   6.0
40505CHUUK- E. CAROLINE IS.,PC       198401-202008  10.9  11.2  10.6   9.5   8.3   7.4   7.1   7.6   7.7   7.4   7.9   9.8   8.8
40308YAP- W CAROLINE IS.,PC          198401-202008   9.6   9.9   9.6   8.8   7.3   7.0   7.0   7.6   7.3   6.9   7.7   8.7   8.1
11641SAN JUAN,PR                     198401-202012   7.7   8.2   8.4   8.3   8.1   8.9   9.6   8.4   6.8   6.1   6.7   7.6   7.9